60, 61, 1023, 0, 14.973
60, 61, 1023, 0, 14.974
60, 62, 1023, 0, 14.979
60, 62, 1023, 0, 14.987
60, 62, 1023, 0, 14.996
60, 62, 1023, 0, 15.002
60, 62, 1023, 0, 15.011
60, 62, 1023, 0, 15.018
60, 62, 1023, 0, 15.025
60, 62, 1023, 0, 15.034
60, 62, 1023, 0, 15.040
60, 62, 1023, 0, 15.049
60, 62, 1023, 0, 15.057
60, 62, 1023, 0, 15.063
60, 62, 1023, 0, 15.071
60, 62, 1023, 0, 15.079
60, 62, 1023, 0, 15.087
60, 62, 1023, 0, 15.094
60, 62, 1023, 0, 15.103
60, 62, 1023, 0, 15.110
60, 62, 1023, 0, 15.118
60, 62, 1023, 0, 15.126
60, 62, 1023, 0, 15.133
60, 62, 1023, 0, 15.140
60, 62, 1023, 0, 15.149
60, 62, 1023, 0, 15.157
60, 62, 1023, 0, 15.163
60, 62, 1023, 0, 15.171
60, 62, 1023, 0, 15.179
60, 62, 1023, 0, 15.186
60, 62, 1023, 0, 15.195
60, 62, 1023, 0, 15.203
60, 62, 1023, 0, 15.210
60, 62, 1023, 0, 15.218
60, 62, 1023, 0, 15.226
60, 62, 1023, 0, 15.232
60, 62, 1023, 0, 15.241
60, 62, 1023, 0, 15.249
60, 62, 1023, 0, 15.256
60, 62, 1023, 0, 15.264
60, 62, 1023, 0, 15.272
60, 62, 1023, 0, 15.279
60, 62, 1023, 0, 15.286
60, 62, 1023, 0, 15.294
60, 62, 1023, 0, 15.302
60, 62, 1023, 0, 15.310
60, 62, 1023, 0, 15.318
60, 62, 1023, 0, 15.324
60, 62, 1023, 0, 15.332
60, 62, 1023, 0, 15.341
60, 62, 1023, 0, 15.349
60, 62, 1023, 0, 15.356
60, 62, 1023, 0, 15.364
60, 62, 1023, 0, 15.370
60, 62, 1023, 0, 15.379
60, 62, 1023, 0, 15.386
60, 62, 1023, 0, 15.393
60, 62, 1023, 0, 15.402
60, 62, 1023, 0, 15.409
60, 62, 1023, 0, 15.417
60, 62, 1023, 0, 15.425
60, 62, 1023, 0, 15.433
60, 62, 1023, 0, 15.440
60, 62, 1023, 0, 15.447
60, 62, 1023, 0, 15.456
60, 62, 1023, 0, 15.463
60, 62, 1023, 0, 15.470
60, 62, 1023, 0, 15.479
60, 62, 1023, 0, 15.487
60, 62, 1023, 0, 15.493
60, 62, 1023, 0, 15.501
60, 62, 1023, 0, 15.508
60, 62, 1023, 0, 15.516
60, 62, 1023, 0, 15.524
60, 62, 1023, 0, 15.532
60, 62, 1023, 0, 15.539
60, 62, 1023, 0, 15.547
60, 62, 1023, 0, 15.555
60, 62, 1023, 0, 15.562
60, 62, 1023, 0, 15.571
60, 62, 1023, 0, 15.579
60, 62, 1023, 0, 15.586
60, 62, 1023, 0, 15.594
60, 62, 1023, 0, 15.602
60, 62, 1023, 0, 15.609
60, 62, 1023, 0, 15.617
60, 62, 1023, 0, 15.625
61, 62, 1023, 0, 15.632
61, 62, 1023, 0, 15.640
61, 62, 1023, 0, 15.647
61, 62, 1023, 0, 15.655
61, 62, 1023, 0, 15.663
61, 62, 1023, 0, 15.671
61, 62, 1023, 0, 15.679
61, 62, 1023, 0, 15.686
61, 62, 1023, 0, 15.694
61, 62, 1023, 0, 15.701
61, 62, 1023, 0, 15.709
61, 62, 1023, 0, 15.716
61, 62, 1023, 0, 15.723
61, 62, 1023, 0, 15.732
61, 62, 1023, 0, 15.739
61, 62, 1023, 0, 15.748
61, 62, 1023, 0, 15.754
61, 62, 1023, 0, 15.763
61, 62, 1023, 0, 15.770
61, 62, 1023, 0, 15.778
61, 62, 1023, 0, 15.786
61, 62, 1023, 0, 15.792
61, 62, 1023, 0, 15.801
61, 62, 1023, 0, 15.809
61, 62, 1023, 0, 15.816
61, 62, 1023, 0, 15.823
61, 62, 1023, 0, 15.832
61, 62, 1023, 0, 15.839
61, 62, 1023, 0, 15.847
61, 62, 1023, 0, 15.855
61, 62, 1023, 0, 15.861
61, 62, 1023, 0, 15.869
61, 62, 1023, 0, 15.878
61, 62, 1023, 0, 15.885
61, 62, 1023, 0, 15.893
61, 62, 1023, 0, 15.901
61, 62, 1023, 0, 15.909
61, 62, 1023, 0, 15.916
61, 62, 1023, 0, 15.924
61, 62, 1023, 0, 15.931
61, 62, 1023, 0, 15.938
61, 62, 1023, 0, 15.947
61, 62, 1023, 0, 15.955
61, 62, 1023, 0, 15.962
61, 62, 1023, 0, 15.970
61, 62, 1023, 0, 15.978
61, 62, 1023, 0, 15.985
61, 62, 1023, 0, 15.993
61, 62, 1023, 0, 16.001
61, 62, 1023, 0, 16.008
61, 62, 1023, 0, 16.016
61, 62, 1023, 0, 16.024
61, 62, 1023, 0, 16.031
61, 62, 1023, 0, 16.039
61, 62, 1023, 0, 16.047
61, 62, 1023, 0, 16.054
61, 62, 1023, 0, 16.062
60, 62, 1023, 0, 16.070
60, 62, 1023, 0, 16.077
60, 62, 1023, 0, 16.085
60, 62, 1023, 0, 16.092
60, 62, 1023, 0, 16.100
60, 62, 1023, 0, 16.108
60, 62, 1023, 0, 16.116
60, 62, 1023, 0, 16.123
60, 62, 1023, 0, 16.131
60, 62, 1023, 0, 16.139
60, 62, 1023, 0, 16.146
60, 62, 1023, 0, 16.153
60, 62, 1023, 0, 16.162
60, 62, 1023, 0, 16.170
60, 62, 1023, 0, 16.177
60, 62, 1023, 0, 16.185
60, 62, 1023, 0, 16.192
60, 62, 1023, 0, 16.199
60, 62, 1023, 0, 16.207
60, 62, 1023, 0, 16.215
60, 62, 1023, 0, 16.222
60, 62, 1023, 0, 16.230
60, 62, 1023, 0, 16.238
60, 62, 1023, 0, 16.246
60, 62, 1023, 0, 16.254
60, 62, 1023, 0, 16.260
60, 62, 1023, 0, 16.268
60, 62, 1023, 0, 16.276
60, 62, 1023, 0, 16.284
60, 62, 1023, 0, 16.291
60, 62, 1023, 0, 16.299
60, 62, 1023, 0, 16.307
60, 62, 1023, 0, 16.314
60, 62, 1023, 0, 16.323
60, 62, 1023, 0, 16.330
60, 62, 1023, 0, 16.337
60, 62, 1023, 0, 16.345
60, 62, 1023, 0, 16.353
60, 62, 1023, 0, 16.359
60, 62, 1023, 0, 16.368
60, 62, 1023, 0, 16.376
60, 62, 1023, 0, 16.383
60, 62, 1023, 0, 16.391
60, 62, 1023, 0, 16.400
60, 62, 1023, 0, 16.407
60, 62, 1023, 0, 16.415
60, 62, 1023, 0, 16.423
60, 62, 1023, 0, 16.430
60, 62, 1023, 0, 16.437
60, 62, 1023, 0, 16.445
60, 62, 1023, 0, 16.452
60, 62, 1023, 0, 16.460
60, 62, 1023, 0, 16.469
60, 62, 1023, 0, 16.476
60, 62, 1023, 0, 16.484
60, 62, 1023, 0, 16.492
60, 62, 1023, 0, 16.498
60, 62, 1023, 0, 16.507
60, 62, 1023, 0, 16.514
60, 62, 1023, 0, 16.521
60, 62, 1023, 0, 16.529
60, 62, 1023, 0, 16.537
60, 62, 1023, 0, 16.545
60, 62, 1023, 0, 16.552
60, 62, 1023, 0, 16.561
60, 62, 1023, 0, 16.568
60, 62, 1023, 0, 16.575
60, 62, 1023, 0, 16.583
60, 62, 1023, 0, 16.591
60, 62, 1023, 0, 16.599
60, 62, 1023, 0, 16.606
60, 62, 1023, 0, 16.614
60, 62, 1023, 0, 16.621
60, 62, 1023, 0, 16.629
60, 62, 1023, 0, 16.637
60, 62, 1023, 0, 16.645
60, 62, 1023, 0, 16.652
60, 62, 1023, 0, 16.661
60, 62, 1023, 0, 16.668
60, 62, 1023, 0, 16.676
60, 62, 1023, 0, 16.683
61, 62, 1023, 0, 16.690
61, 62, 1023, 0, 16.698
61, 62, 1023, 0, 16.706
61, 62, 1023, 0, 16.714
61, 62, 1023, 0, 16.722
61, 62, 1023, 0, 16.730
61, 62, 1023, 0, 16.737
61, 62, 1023, 0, 16.745
61, 62, 1023, 0, 16.753
61, 62, 1023, 0, 16.760
61, 62, 1023, 0, 16.768
61, 62, 1023, 0, 16.775
61, 62, 1023, 0, 16.783
61, 62, 1023, 0, 16.791
61, 62, 1023, 0, 16.798
61, 62, 1023, 0, 16.805
61, 62, 1023, 0, 16.813
61, 62, 1023, 0, 16.821
61, 62, 1023, 0, 16.828
61, 62, 1023, 0, 16.836
61, 62, 1023, 0, 16.844
61, 62, 1023, 0, 16.852
61, 62, 1023, 0, 16.859
61, 62, 1023, 0, 16.867
61, 62, 1023, 0, 16.874
61, 62, 1023, 0, 16.882
61, 62, 1023, 0, 16.890
61, 62, 1023, 0, 16.897
61, 62, 1023, 0, 16.905
61, 62, 1023, 0, 16.913
61, 62, 1023, 0, 16.920
61, 62, 1023, 0, 16.928
61, 62, 1023, 0, 16.935
61, 62, 1023, 0, 16.942
61, 62, 1023, 0, 16.950
61, 62, 1023, 0, 16.959
61, 62, 1023, 0, 16.967
61, 62, 1023, 0, 16.974
61, 62, 1023, 0, 16.982
61, 62, 1023, 0, 16.990
61, 62, 1023, 0, 16.998
61, 62, 1023, 0, 17.006
61, 62, 1023, 0, 17.014
61, 62, 1023, 0, 17.020
61, 62, 1023, 0, 17.028
61, 62, 1023, 0, 17.036
61, 62, 1023, 0, 17.043
61, 62, 1023, 0, 17.051
61, 62, 1023, 0, 17.059
61, 62, 1023, 0, 17.066
61, 62, 1023, 0, 17.075
61, 62, 1023, 0, 17.083
61, 62, 1023, 0, 17.090
61, 62, 1023, 0, 17.098
61, 62, 1023, 0, 17.106
61, 62, 1023, 0, 17.113
61, 62, 1023, 0, 17.120
61, 62, 1023, 0, 17.129
61, 62, 1023, 0, 17.136
61, 62, 1023, 0, 17.144
61, 62, 1023, 0, 17.151
61, 62, 1023, 0, 17.158
61, 62, 1023, 0, 17.166
61, 62, 1023, 0, 17.174
61, 62, 1023, 0, 17.181
61, 62, 1023, 0, 17.189
61, 62, 1023, 0, 17.197
61, 62, 1023, 0, 17.205
61, 62, 1023, 0, 17.213
61, 62, 1023, 0, 17.220
61, 62, 1023, 0, 17.228
61, 62, 1023, 0, 17.235
61, 62, 1023, 0, 17.243
61, 62, 1023, 0, 17.251
61, 62, 1023, 0, 17.258
61, 62, 1023, 0, 17.266
61, 62, 1023, 0, 17.273
61, 62, 1023, 0, 17.282
61, 62, 1023, 0, 17.290
61, 62, 1023, 0, 17.298
61, 62, 1023, 0, 17.304
61, 62, 1023, 0, 17.313
61, 62, 1023, 0, 17.320
61, 62, 1023, 0, 17.327
61, 62, 1023, 0, 17.336
61, 63, 1023, 0, 17.342
61, 63, 1023, 0, 17.351
61, 63, 1023, 0, 17.359
61, 63, 1023, 0, 17.367
61, 63, 1023, 0, 17.374
61, 63, 1023, 0, 17.381
61, 63, 1023, 0, 17.389
61, 63, 1023, 0, 17.397
61, 63, 1023, 0, 17.405
61, 63, 1023, 0, 17.413
61, 63, 1023, 0, 17.420
61, 63, 1023, 0, 17.428
61, 63, 1023, 0, 17.436
61, 63, 1023, 0, 17.443
61, 63, 1023, 0, 17.450
61, 63, 1023, 0, 17.459
61, 63, 1023, 0, 17.465
61, 63, 1023, 0, 17.474
61, 63, 1023, 0, 17.482
61, 63, 1023, 0, 17.489
61, 63, 1023, 0, 17.497
61, 63, 1023, 0, 17.504
61, 63, 1023, 0, 17.512
61, 63, 1023, 0, 17.519
61, 63, 1023, 0, 17.527
61, 63, 1023, 0, 17.534
61, 63, 1023, 0, 17.543
61, 63, 1023, 0, 17.550
61, 63, 1023, 0, 17.565
61, 63, 1023, 0, 17.573
61, 63, 1023, 0, 17.589
61, 63, 1023, 0, 17.597
61, 63, 1023, 0, 17.611
60, 63, 1023, 0, 17.619
60, 63, 1023, 0, 17.635
60, 64, 1023, 0, 17.643
60, 64, 1023, 0, 17.658
60, 64, 1023, 0, 17.666
60, 64, 1023, 0, 17.681
60, 64, 1023, 0, 17.688
60, 64, 1023, 0, 17.704
60, 64, 1023, 0, 17.711
60, 64, 1023, 0, 17.726
60, 64, 1023, 0, 17.734
60, 64, 1023, 0, 17.750
60, 64, 1023, 0, 17.757
60, 64, 1023, 0, 17.772
60, 64, 1023, 0, 17.781
60, 64, 1023, 0, 17.796
60, 64, 1023, 0, 17.804
60, 64, 1023, 0, 17.819
60, 64, 1023, 0, 17.826
60, 64, 1023, 0, 17.841
60, 64, 1023, 0, 17.850
60, 64, 1023, 0, 17.865
60, 64, 1023, 0, 17.874
60, 64, 1023, 0, 17.888
60, 64, 1023, 0, 17.896
60, 64, 1023, 0, 17.910
60, 64, 1023, 0, 17.918
60, 64, 1023, 0, 17.934
60, 64, 1023, 0, 17.941
60, 64, 1023, 0, 17.956
60, 64, 1023, 0, 17.965
60, 64, 1023, 0, 17.980
60, 64, 1023, 0, 17.988
60, 64, 1023, 0, 18.003
60, 64, 1023, 0, 18.011
60, 64, 1023, 0, 18.026
60, 64, 1023, 0, 18.034
60, 64, 1023, 0, 18.049
60, 64, 1023, 0, 18.057
60, 64, 1023, 0, 18.072
60, 64, 1023, 0, 18.080
60, 64, 1023, 0, 18.096
60, 64, 1023, 0, 18.102
60, 64, 1023, 0, 18.119
60, 64, 1023, 0, 18.125
60, 64, 1023, 0, 18.142
60, 64, 1023, 0, 18.148
60, 64, 1023, 0, 18.165
60, 64, 1023, 0, 18.172
60, 64, 1023, 0, 18.188
60, 64, 1023, 0, 18.194
60, 64, 1023, 0, 18.211
60, 64, 1023, 0, 18.218
60, 64, 1023, 0, 18.234
60, 64, 1023, 0, 18.241
60, 64, 1023, 0, 18.257
60, 64, 1023, 0, 18.264
60, 64, 1023, 0, 18.280
61, 64, 1023, 0, 18.287
61, 64, 1023, 0, 18.295
61, 64, 1023, 0, 18.303
61, 64, 1023, 0, 18.310
61, 64, 1023, 0, 18.326
61, 64, 1023, 0, 18.332
61, 64, 1023, 0, 18.349
61, 64, 1023, 0, 18.356
61, 64, 1023, 0, 18.372
61, 64, 1023, 0, 18.379
61, 64, 1023, 0, 18.395
61, 64, 1023, 0, 18.403
61, 64, 1023, 0, 18.418
61, 64, 1023, 0, 18.425
61, 64, 1023, 0, 18.441
61, 64, 1023, 0, 18.449
61, 64, 1023, 0, 18.465
61, 64, 1023, 0, 18.471
61, 64, 1023, 0, 18.486
61, 64, 1023, 0, 18.494
61, 64, 1023, 0, 18.510
61, 64, 1023, 0, 18.519
61, 64, 1023, 0, 18.533
61, 64, 1023, 0, 18.541
61, 64, 1023, 0, 18.555
61, 64, 1023, 0, 18.564
61, 64, 1023, 0, 18.578
61, 64, 1023, 0, 18.586
61, 64, 1023, 0, 18.602
61, 64, 1023, 0, 18.609
61, 64, 1023, 0, 18.624
61, 64, 1023, 0, 18.633
61, 64, 1023, 0, 18.648
61, 64, 1023, 0, 18.656
61, 64, 1023, 0, 18.671
61, 64, 1023, 0, 18.679
61, 64, 1023, 0, 18.694
61, 64, 1023, 0, 18.702
61, 64, 1023, 0, 18.717
61, 64, 1023, 0, 18.725
61, 64, 1023, 0, 18.740
61, 64, 1023, 0, 18.748
61, 64, 1023, 0, 18.763
61, 64, 1023, 0, 18.770
61, 64, 1023, 0, 18.786
61, 64, 1023, 0, 18.794
61, 64, 1023, 0, 18.809
61, 64, 1023, 0, 18.817
61, 64, 1023, 0, 18.832
61, 64, 1023, 0, 18.840
61, 64, 1023, 0, 18.855
61, 64, 1023, 0, 18.862
61, 64, 1023, 0, 18.878
61, 64, 1023, 0, 18.885
61, 64, 1023, 0, 18.901
61, 64, 1023, 0, 18.909
61, 64, 1023, 0, 18.923
61, 64, 1023, 0, 18.932
61, 64, 1023, 0, 18.946
61, 64, 1023, 0, 18.954
61, 64, 1023, 0, 18.969
61, 64, 1023, 0, 18.978
61, 64, 1023, 0, 18.993
61, 64, 1023, 0, 19.001
61, 64, 1023, 0, 19.015
61, 64, 1023, 0, 19.024
61, 64, 1023, 0, 19.039
61, 64, 1023, 0, 19.047
61, 64, 1023, 0, 19.062
61, 64, 1023, 0, 19.069
61, 64, 1023, 0, 19.086
61, 64, 1023, 0, 19.092
61, 64, 1023, 0, 19.108
61, 64, 1023, 0, 19.116
61, 64, 1023, 0, 19.130
61, 64, 1023, 0, 19.139
61, 64, 1023, 0, 19.155
61, 64, 1023, 0, 19.162
61, 64, 1023, 0, 19.178
61, 64, 1023, 0, 19.185
61, 64, 1023, 0, 19.201
61, 64, 1023, 0, 19.208
61, 64, 1023, 0, 19.224
61, 64, 1023, 0, 19.231
61, 64, 1023, 0, 19.247
61, 64, 1023, 0, 19.254
61, 64, 1023, 0, 19.269
61, 64, 1023, 0, 19.277
61, 64, 1023, 0, 19.293
61, 64, 1023, 0, 19.300
61, 64, 1023, 0, 19.316
61, 64, 1023, 0, 19.323
61, 64, 1023, 0, 19.339
61, 64, 1023, 0, 19.345
61, 64, 1023, 0, 19.362
61, 64, 1023, 0, 19.369
61, 64, 1023, 0, 19.384
61, 64, 1023, 0, 19.392
61, 64, 1023, 0, 19.407
61, 64, 1023, 0, 19.415
61, 64, 1023, 0, 19.431
61, 64, 1023, 0, 19.437
61, 64, 1023, 0, 19.454
61, 64, 1023, 0, 19.461
61, 64, 1023, 0, 19.477
61, 64, 1023, 0, 19.484
61, 64, 1023, 0, 19.499
61, 64, 1023, 0, 19.507
61, 64, 1023, 0, 19.523
61, 64, 1023, 0, 19.530
61, 64, 1023, 0, 19.546
61, 64, 1023, 0, 19.553
61, 64, 1023, 0, 19.569
61, 64, 1023, 0, 19.577
61, 64, 1023, 0, 19.592
61, 63, 1023, 0, 19.599
61, 63, 1023, 0, 19.614
61, 63, 1023, 0, 19.623
61, 63, 1023, 0, 19.638
61, 63, 1023, 0, 19.645
61, 63, 1023, 0, 19.661
61, 63, 1023, 0, 19.670
61, 63, 1023, 0, 19.684
61, 63, 1023, 0, 19.692
61, 63, 1023, 0, 19.706
61, 64, 1023, 0, 19.714
61, 64, 1023, 0, 19.730
60, 64, 1023, 0, 19.737
60, 64, 1023, 0, 19.752
60, 64, 1023, 0, 19.760
60, 64, 1023, 0, 19.775
61, 64, 1023, 0, 19.783
61, 64, 1023, 0, 19.798
61, 63, 1023, 0, 19.806
61, 63, 1023, 0, 19.821
61, 64, 1023, 0, 19.829
61, 64, 1023, 0, 19.844
61, 64, 1023, 0, 19.852
61, 64, 1023, 0, 19.868
61, 64, 1023, 0, 19.875
61, 64, 1023, 0, 19.890
61, 64, 1023, 0, 19.898
61, 64, 1023, 0, 19.913
61, 64, 1023, 0, 19.921
61, 64, 1023, 0, 19.936
61, 64, 1023, 0, 19.944
61, 64, 1023, 0, 19.959
61, 64, 1023, 0, 19.966
61, 64, 1023, 0, 19.982
61, 64, 1023, 0, 19.990
61, 64, 1023, 0, 20.005
61, 64, 1023, 0, 20.013
61, 64, 1023, 0, 20.028
61, 64, 1023, 0, 20.036
61, 64, 1023, 0, 20.051
60, 64, 1023, 0, 20.059
60, 64, 1023, 0, 20.074
60, 64, 1023, 0, 20.082
60, 64, 1023, 0, 20.097
60, 64, 1023, 0, 20.105
60, 64, 1023, 0, 20.121
60, 64, 1023, 0, 20.129
60, 64, 1023, 0, 20.144
60, 64, 1023, 0, 20.151
60, 64, 1023, 0, 20.168
60, 64, 1023, 0, 20.175
60, 64, 1023, 0, 20.190
60, 64, 1023, 0, 20.198
60, 64, 1023, 0, 20.213
60, 64, 1023, 0, 20.221
60, 64, 1023, 0, 20.236
60, 64, 1023, 0, 20.244
60, 64, 1023, 0, 20.259
60, 64, 1023, 0, 20.267
60, 64, 1023, 0, 20.281
60, 64, 1023, 0, 20.289
60, 64, 1023, 0, 20.305
60, 64, 1023, 0, 20.312
60, 64, 1023, 0, 20.328
60, 63, 1023, 0, 20.336
60, 63, 1023, 0, 20.352
60, 63, 1023, 0, 20.359
60, 63, 1023, 0, 20.375
60, 64, 1023, 0, 20.382
60, 64, 1023, 0, 20.398
60, 64, 1023, 0, 20.405
60, 64, 1023, 0, 20.421
60, 64, 1023, 0, 20.428
60, 64, 1023, 0, 20.444
60, 64, 1023, 0, 20.451
60, 64, 1023, 0, 20.466
60, 63, 1023, 0, 20.473
60, 63, 1023, 0, 20.489
60, 64, 1023, 0, 20.497
60, 64, 1023, 0, 20.513
60, 64, 1023, 0, 20.520
60, 64, 1023, 0, 20.536
60, 64, 1023, 0, 20.543
60, 64, 1023, 0, 20.559
60, 63, 1023, 0, 20.566
60, 63, 1023, 0, 20.582
60, 63, 1023, 0, 20.590
60, 63, 1023, 0, 20.605
60, 63, 1023, 0, 20.612
60, 63, 1023, 0, 20.628
61, 63, 1023, 0, 20.636
61, 63, 1023, 0, 20.651
61, 63, 1023, 0, 20.659
61, 63, 1023, 0, 20.674
61, 63, 1023, 0, 20.681
61, 63, 1023, 0, 20.697
60, 64, 1023, 0, 20.704
60, 64, 1023, 0, 20.720
60, 64, 1023, 0, 20.728
60, 64, 1023, 0, 20.743
60, 64, 1023, 0, 20.751
60, 64, 1023, 0, 20.766
60, 63, 1023, 0, 20.774
60, 63, 1023, 0, 20.789
60, 63, 1023, 0, 20.796
60, 63, 1023, 0, 20.812
60, 63, 1023, 0, 20.820
60, 63, 1023, 0, 20.835
60, 63, 1023, 0, 20.842
60, 63, 1023, 0, 20.858
60, 63, 1023, 0, 20.866
60, 63, 1023, 0, 20.881
60, 63, 1023, 0, 20.889
60, 63, 1023, 0, 20.903
60, 63, 1023, 0, 20.912
60, 63, 1023, 0, 20.927
61, 63, 1023, 0, 20.935
61, 63, 1023, 0, 20.950
61, 63, 1023, 0, 20.958
61, 63, 1023, 0, 20.973
61, 63, 1023, 0, 20.981
61, 63, 1023, 0, 20.996
61, 63, 1023, 0, 21.004
61, 63, 1023, 0, 21.019
61, 63, 1023, 0, 21.027
61, 63, 1023, 0, 21.042
61, 63, 1023, 0, 21.050
61, 63, 1023, 0, 21.065
61, 63, 1023, 0, 21.073
61, 63, 1023, 0, 21.088
61, 63, 1023, 0, 21.096
61, 63, 1023, 0, 21.111
61, 63, 1023, 0, 21.119
61, 63, 1023, 0, 21.133
61, 63, 1023, 0, 21.142
61, 63, 1023, 0, 21.158
61, 63, 1023, 0, 21.164
61, 63, 1023, 0, 21.180
61, 63, 1023, 0, 21.188
61, 63, 1023, 0, 21.203
61, 63, 1023, 0, 21.210
61, 63, 1023, 0, 21.226
61, 63, 1023, 0, 21.234
61, 63, 1023, 0, 21.249
61, 63, 1023, 0, 21.257
61, 63, 1023, 0, 21.272
61, 63, 1023, 0, 21.280
61, 63, 1023, 0, 21.296
61, 63, 1023, 0, 21.302
61, 63, 1023, 0, 21.319
61, 63, 1023, 0, 21.326
61, 63, 1023, 0, 21.341
61, 63, 1023, 0, 21.349
61, 63, 1023, 0, 21.364
61, 63, 1023, 0, 21.371
61, 63, 1023, 0, 21.388
61, 63, 1023, 0, 21.395
61, 63, 1023, 0, 21.411
61, 63, 1023, 0, 21.418
61, 63, 1023, 0, 21.434
61, 63, 1023, 0, 21.441
61, 63, 1023, 0, 21.457
61, 63, 1023, 0, 21.464
61, 63, 1023, 0, 21.479
61, 63, 1023, 0, 21.487
61, 63, 1023, 0, 21.503
61, 63, 1023, 0, 21.510
61, 63, 1023, 0, 21.526
61, 63, 1023, 0, 21.533
61, 63, 1023, 0, 21.549
61, 63, 1023, 0, 21.555
61, 63, 1023, 0, 21.571
61, 63, 1023, 0, 21.578
61, 63, 1023, 0, 21.594
61, 63, 1023, 0, 21.602
61, 63, 1023, 0, 21.617
61, 63, 1023, 0, 21.625
61, 63, 1023, 0, 21.641
61, 63, 1023, 0, 21.648
61, 63, 1023, 0, 21.664
61, 63, 1023, 0, 21.671
61, 63, 1023, 0, 21.687
61, 63, 1023, 0, 21.694
61, 63, 1023, 0, 21.710
61, 63, 1023, 0, 21.717
61, 63, 1023, 0, 21.733
61, 63, 1023, 0, 21.742
61, 63, 1023, 0, 21.756
61, 63, 1023, 0, 21.765
61, 63, 1023, 0, 21.779
61, 63, 1023, 0, 21.787
61, 63, 1023, 0, 21.802
61, 63, 1023, 0, 21.810
61, 63, 1023, 0, 21.825
61, 63, 1023, 0, 21.832
61, 63, 1023, 0, 21.848
61, 63, 1023, 0, 21.856
61, 63, 1023, 0, 21.871
61, 63, 1023, 0, 21.879
61, 63, 1023, 0, 21.894
61, 63, 1023, 0, 21.902
61, 63, 1023, 0, 21.918
61, 63, 1023, 0, 21.925
61, 63, 1023, 0, 21.940
61, 63, 1023, 0, 21.948
61, 63, 1023, 0, 21.963
61, 63, 1023, 0, 21.971
61, 63, 1023, 0, 21.986
61, 63, 1023, 0, 21.994
61, 63, 1023, 0, 22.010
61, 63, 1023, 0, 22.016
61, 63, 1023, 0, 22.032
61, 63, 1023, 0, 22.039
61, 63, 1023, 0, 22.055
61, 63, 1023, 0, 22.063
61, 63, 1023, 0, 22.077
61, 63, 1023, 0, 22.086
61, 63, 1023, 0, 22.102
61, 63, 1023, 0, 22.109
61, 63, 1023, 0, 22.124
61, 63, 1023, 0, 22.132
61, 63, 1023, 0, 22.147
61, 63, 1023, 0, 22.155
61, 63, 1023, 0, 22.170
61, 63, 1023, 0, 22.178
61, 63, 1023, 0, 22.193
61, 63, 1023, 0, 22.201
61, 63, 1023, 0, 22.216
61, 63, 1023, 0, 22.224
61, 63, 1023, 0, 22.239
61, 63, 1023, 0, 22.247
61, 63, 1023, 0, 22.262
61, 63, 1023, 0, 22.269
61, 63, 1023, 0, 22.285
61, 63, 1023, 0, 22.293
61, 63, 1023, 0, 22.308
61, 63, 1023, 0, 22.316
61, 63, 1023, 0, 22.331
61, 63, 1023, 0, 22.339
61, 63, 1023, 0, 22.353
61, 63, 1023, 0, 22.362
61, 63, 1023, 0, 22.377
61, 63, 1023, 0, 22.385
61, 63, 1023, 0, 22.401
61, 63, 1023, 0, 22.408
61, 63, 1023, 0, 22.424
61, 63, 1023, 0, 22.431
61, 63, 1023, 0, 22.447
61, 63, 1023, 0, 22.453
61, 63, 1023, 0, 22.468
61, 63, 1023, 0, 22.478
61, 63, 1023, 0, 22.493
61, 63, 1023, 0, 22.500
61, 63, 1023, 0, 22.516
61, 63, 1023, 0, 22.524
61, 63, 1023, 0, 22.539
61, 63, 1023, 0, 22.545
61, 63, 1023, 0, 22.562
61, 63, 1023, 0, 22.569
61, 63, 1023, 0, 22.585
61, 63, 1023, 0, 22.592
61, 63, 1023, 0, 22.608
61, 63, 1023, 0, 22.616
61, 63, 1023, 0, 22.631
61, 63, 1023, 0, 22.638
61, 63, 1023, 0, 22.653
61, 63, 1023, 0, 22.661
61, 63, 1023, 0, 22.677
61, 63, 1023, 0, 22.684
61, 63, 1023, 0, 22.699
61, 63, 1023, 0, 22.707
61, 63, 1023, 0, 22.723
61, 63, 1023, 0, 22.730
61, 63, 1023, 0, 22.745
61, 63, 1023, 0, 22.753
61, 63, 1023, 0, 22.769
61, 63, 1023, 0, 22.776
61, 63, 1023, 0, 22.792
61, 63, 1023, 0, 22.799
61, 63, 1023, 0, 22.815
61, 63, 1023, 0, 22.822
61, 63, 1023, 0, 22.838
61, 63, 1023, 0, 22.846
61, 63, 1023, 0, 22.860
61, 63, 1023, 0, 22.869
61, 63, 1023, 0, 22.885
61, 63, 1023, 0, 22.891
61, 63, 1023, 0, 22.907
60, 63, 1023, 0, 22.915
60, 63, 1023, 0, 22.930
60, 63, 1023, 0, 22.937
60, 63, 1023, 0, 22.953
60, 64, 1023, 0, 22.961
60, 64, 1023, 0, 22.976
60, 64, 1023, 0, 22.984
60, 64, 1023, 0, 22.999
60, 63, 1023, 0, 23.007
60, 63, 1023, 0, 23.023
60, 63, 1023, 0, 23.031
60, 63, 1023, 0, 23.045
61, 63, 1023, 0, 23.053
61, 63, 1023, 0, 23.068
61, 63, 1023, 0, 23.083
61, 63, 1023, 0, 23.099
61, 63, 1023, 0, 23.106
61, 63, 1023, 0, 23.113
61, 63, 1023, 0, 23.121
61, 63, 1023, 0, 23.128
61, 63, 1023, 0, 23.137
61, 63, 1023, 0, 23.145
61, 63, 1023, 0, 23.152
61, 63, 1023, 0, 23.160
61, 63, 1023, 0, 23.167
61, 63, 1023, 0, 23.175
61, 63, 1023, 0, 23.182
61, 63, 1023, 0, 23.190
61, 63, 1023, 0, 23.198
61, 64, 1023, 0, 23.205
61, 64, 1023, 0, 23.213
61, 64, 1023, 0, 23.221
61, 64, 1023, 0, 23.228
61, 64, 1023, 0, 23.237
61, 64, 1023, 0, 23.244
61, 64, 1023, 0, 23.251
61, 64, 1023, 0, 23.259
61, 64, 1023, 0, 23.267
60, 64, 1023, 0, 23.276
60, 64, 1023, 0, 23.283
60, 64, 1023, 0, 23.291
60, 64, 1023, 0, 23.297
60, 64, 1023, 0, 23.305
60, 64, 1023, 0, 23.313
60, 64, 1023, 0, 23.320
60, 64, 1023, 0, 23.328
60, 64, 1023, 0, 23.336
60, 64, 1023, 0, 23.343
60, 64, 1023, 0, 23.352
60, 64, 1023, 0, 23.360
60, 64, 1023, 0, 23.368
60, 64, 1023, 0, 23.375
60, 64, 1023, 0, 23.383
60, 64, 1023, 0, 23.390
60, 64, 1023, 0, 23.397
60, 64, 1023, 0, 23.406
60, 64, 1023, 0, 23.413
60, 64, 1023, 0, 23.421
60, 64, 1023, 0, 23.429
60, 64, 1023, 0, 23.437
60, 64, 1023, 0, 23.444
60, 64, 1023, 0, 23.452
60, 64, 1023, 0, 23.459
60, 64, 1023, 0, 23.468
60, 65, 1023, 0, 23.475
60, 65, 1023, 0, 23.483
60, 65, 1023, 0, 23.490
60, 65, 1023, 0, 23.498
60, 65, 1023, 0, 23.506
60, 65, 1023, 0, 23.513
60, 65, 1023, 0, 23.521
59, 65, 1023, 0, 23.529
59, 65, 1023, 0, 23.535
59, 65, 1023, 0, 23.543
58, 66, 1023, 0, 23.552
58, 66, 1023, 0, 23.568
58, 67, 1023, 0, 23.575
58, 67, 1023, 0, 23.590
57, 67, 1023, 0, 23.598
57, 67, 1023, 0, 23.613
57, 68, 1023, 0, 23.621
57, 68, 1023, 0, 23.636
57, 68, 1023, 0, 23.645
57, 68, 1023, 0, 23.660
56, 69, 1023, 0, 23.667
56, 69, 1023, 0, 23.682
56, 69, 1023, 0, 23.690
56, 69, 1023, 0, 23.697
56, 69, 1023, 0, 23.713
56, 69, 1023, 0, 23.720
56, 69, 1023, 0, 23.728
56, 69, 1023, 0, 23.743
56, 69, 1023, 0, 23.750
55, 69, 1023, 0, 23.759
55, 69, 1023, 0, 23.774
55, 69, 1023, 0, 23.783
55, 69, 1023, 0, 23.788
55, 69, 1023, 0, 23.797
55, 69, 1023, 0, 23.805
55, 69, 1023, 0, 23.812
55, 69, 1023, 0, 23.820
55, 69, 1023, 0, 23.828
55, 69, 1023, 0, 23.842
55, 69, 1023, 0, 23.900
55, 69, 1023, 0, 23.907
55, 69, 1023, 0, 23.915
55, 69, 1023, 0, 23.922
55, 69, 1023, 0, 23.930
55, 69, 1023, 0, 23.938
55, 69, 1023, 0, 23.946
55, 69, 1023, 0, 23.952
55, 69, 1023, 0, 23.961
55, 69, 1023, 0, 23.969
55, 69, 1023, 0, 23.976
55, 69, 1023, 0, 23.985
55, 69, 1023, 0, 23.991
55, 69, 1023, 0, 23.999
55, 69, 1023, 0, 24.007
55, 69, 1023, 0, 24.014
55, 69, 1023, 0, 24.022
55, 69, 1023, 0, 24.030
55, 69, 1023, 0, 24.036
55, 69, 1023, 0, 24.045
55, 69, 1023, 0, 24.053
55, 69, 1023, 0, 24.060
55, 69, 1023, 0, 24.068
55, 69, 1023, 0, 24.076
55, 69, 1023, 0, 24.083
55, 69, 1023, 0, 24.091
55, 69, 1023, 0, 24.099
55, 69, 1023, 0, 24.107
55, 69, 1023, 0, 24.114
55, 69, 1023, 0, 24.122
55, 69, 1023, 0, 24.129
55, 69, 1023, 0, 24.137
55, 69, 1023, 0, 24.145
55, 69, 1023, 0, 24.152
55, 69, 1023, 0, 24.160
55, 69, 1023, 0, 24.168
55, 69, 1023, 0, 24.176
55, 69, 1023, 0, 24.182
55, 69, 1023, 0, 24.191
55, 69, 1023, 0, 24.197
55, 69, 1023, 0, 24.214
55, 69, 1023, 0, 24.256
55, 69, 1023, 0, 24.298
55, 69, 1023, 0, 24.340
55, 69, 1023, 0, 24.383
55, 69, 1023, 0, 24.418
55, 69, 1023, 0, 24.426
55, 69, 1023, 0, 24.433
55, 69, 1023, 0, 24.441
55, 69, 1023, 0, 24.449
55, 69, 1023, 0, 24.457
55, 69, 1023, 0, 24.464
55, 69, 1023, 0, 24.472
55, 69, 1023, 0, 24.480
55, 69, 1023, 0, 24.487
55, 69, 1023, 0, 24.495
55, 69, 1023, 0, 24.503
55, 69, 1023, 0, 24.510
55, 69, 1023, 0, 24.518
55, 69, 1023, 0, 24.526
55, 69, 1023, 0, 24.533
55, 69, 1023, 0, 24.540
55, 69, 1023, 0, 24.549
55, 69, 1023, 0, 24.556
55, 69, 1023, 0, 24.564
55, 69, 1023, 0, 24.570
55, 69, 1023, 0, 24.579
55, 69, 1023, 0, 24.587
55, 69, 1023, 0, 24.594
55, 69, 1023, 0, 24.602
55, 69, 1023, 0, 24.610
55, 69, 1023, 0, 24.617
55, 69, 1023, 0, 24.625
55, 69, 1023, 0, 24.632
55, 69, 1023, 0, 24.640
55, 69, 1023, 0, 24.647
55, 69, 1023, 0, 24.656
55, 69, 1023, 0, 24.663
55, 69, 1023, 0, 24.671
55, 69, 1023, 0, 24.679
55, 69, 1023, 0, 24.687
55, 69, 1023, 0, 24.694
55, 69, 1023, 0, 24.702
55, 69, 1023, 0, 24.710
55, 69, 1023, 0, 24.717
55, 69, 1023, 0, 24.725
55, 69, 1023, 0, 24.733
55, 69, 1023, 0, 24.740
55, 69, 1023, 0, 24.749
55, 69, 1023, 0, 24.756
55, 69, 1023, 0, 24.763
55, 69, 1023, 0, 24.771
55, 69, 1023, 0, 24.779
55, 69, 1023, 0, 24.786
55, 69, 1023, 0, 24.794
55, 69, 1023, 0, 24.802
55, 69, 1023, 0, 24.809
55, 69, 1023, 0, 24.817
55, 69, 1023, 0, 24.825
55, 69, 1023, 0, 24.832
55, 69, 1023, 0, 24.840
55, 69, 1023, 0, 24.848
55, 69, 1023, 0, 24.856
55, 69, 1023, 0, 24.863
55, 69, 1023, 0, 24.871
55, 69, 1023, 0, 24.878
55, 69, 1023, 0, 24.886
55, 69, 1023, 0, 24.894
55, 69, 1023, 0, 24.902
55, 69, 1023, 0, 24.909
55, 69, 1023, 0, 24.916
55, 69, 1023, 0, 24.924
55, 69, 1023, 0, 24.932
55, 69, 1023, 0, 24.940
55, 69, 1023, 0, 24.948
55, 69, 1023, 0, 24.955
55, 69, 1023, 0, 24.964
55, 69, 1023, 0, 24.972
55, 69, 1023, 0, 24.978
55, 69, 1023, 0, 24.986
55, 69, 1023, 0, 24.994
55, 69, 1023, 0, 25.001
55, 69, 1023, 0, 25.010
55, 69, 1023, 0, 25.017
55, 69, 1023, 0, 25.024
55, 69, 1023, 0, 25.033
55, 69, 1023, 0, 25.040
55, 69, 1023, 0, 25.047
55, 69, 1023, 0, 25.055
55, 69, 1023, 0, 25.064
55, 69, 1023, 0, 25.070
55, 69, 1023, 0, 25.078
55, 69, 1023, 0, 25.085
55, 69, 1023, 0, 25.093
55, 69, 1023, 0, 25.101
55, 69, 1023, 0, 25.109
55, 69, 1023, 0, 25.118
50, 62, 1023, 0, 25.125
50, 61, 1023, 0, 25.139
50, 61, 1023, 0, 25.147
50, 61, 1023, 0, 25.155
50, 61, 1023, 0, 25.162
50, 61, 1023, 0, 25.170
50, 61, 1023, 0, 25.177
50, 61, 1023, 0, 25.184
50, 61, 1023, 0, 25.193
50, 61, 1023, 0, 25.202
50, 61, 1023, 0, 25.209
50, 61, 1023, 0, 25.217
50, 61, 1023, 0, 25.225
50, 61, 1023, 0, 25.232
50, 61, 1023, 0, 25.239
50, 61, 1023, 0, 25.246
50, 61, 1023, 0, 25.254
50, 61, 1023, 0, 25.262
50, 61, 1023, 0, 25.269
50, 61, 1023, 0, 25.278
50, 61, 1023, 0, 25.284
50, 61, 1023, 0, 25.293
50, 61, 1023, 0, 25.300
50, 61, 1023, 0, 25.308
50, 61, 1023, 0, 25.315
50, 61, 1023, 0, 25.324
50, 61, 1023, 0, 25.331
50, 61, 1023, 0, 25.339
50, 61, 1023, 0, 25.347
50, 61, 1023, 0, 25.354
50, 61, 1023, 0, 25.362
50, 61, 1023, 0, 25.370
50, 61, 1023, 0, 25.377
50, 61, 1023, 0, 25.384
50, 61, 1023, 0, 25.392
50, 61, 1023, 0, 25.400
51, 61, 1023, 0, 25.408
51, 61, 1023, 0, 25.416
51, 61, 1023, 0, 25.423
51, 61, 1023, 0, 25.431
51, 61, 1023, 0, 25.439
51, 61, 1023, 0, 25.446
51, 61, 1023, 0, 25.454
51, 61, 1023, 0, 25.462
51, 61, 1023, 0, 25.470
51, 61, 1023, 0, 25.477
51, 61, 1023, 0, 25.486
51, 61, 1023, 0, 25.492
51, 61, 1023, 0, 25.500
51, 61, 1023, 0, 25.508
51, 61, 1023, 0, 25.516
51, 61, 1023, 0, 25.523
51, 61, 1023, 0, 25.531
51, 61, 1023, 0, 25.538
51, 61, 1023, 0, 25.546
51, 61, 1023, 0, 25.554
51, 61, 1023, 0, 25.561
51, 61, 1023, 0, 25.569
51, 61, 1023, 0, 25.577
51, 61, 1023, 0, 25.585
51, 61, 1023, 0, 25.592
51, 61, 1023, 0, 25.600
52, 61, 1023, 0, 25.607
52, 61, 1023, 0, 25.615
52, 61, 1023, 0, 25.623
52, 62, 1023, 0, 25.630
52, 62, 1023, 0, 25.638
52, 62, 1023, 0, 25.645
52, 62, 1023, 0, 25.653
52, 62, 1023, 0, 25.661
52, 62, 1023, 0, 25.669
52, 62, 1023, 0, 25.677
52, 62, 1023, 0, 25.684
52, 63, 1023, 0, 25.691
52, 63, 1023, 0, 25.701
53, 63, 1023, 0, 25.707
53, 63, 1023, 0, 25.715
53, 63, 1023, 0, 25.723
53, 63, 1023, 0, 25.730
53, 63, 1023, 0, 25.737
53, 63, 1023, 0, 25.746
53, 63, 1023, 0, 25.753
53, 63, 1023, 0, 25.761
53, 63, 1023, 0, 25.769
53, 63, 1023, 0, 25.776
53, 63, 1023, 0, 25.784
53, 63, 1023, 0, 25.792
53, 63, 1023, 0, 25.799
53, 63, 1023, 0, 25.807
53, 63, 1023, 0, 25.815
53, 63, 1023, 0, 25.823
53, 63, 1023, 0, 25.830
53, 63, 1023, 0, 25.838
53, 63, 1023, 0, 25.845
53, 63, 1023, 0, 25.853
53, 63, 1023, 0, 25.861
53, 63, 1023, 0, 25.868
53, 63, 1023, 0, 25.876
53, 63, 1023, 0, 25.883
53, 63, 1023, 0, 25.890
53, 62, 1023, 0, 25.899
53, 62, 1023, 0, 25.906
53, 62, 1023, 0, 25.914
53, 62, 1023, 0, 25.921
53, 62, 1023, 0, 25.929
53, 62, 1023, 0, 25.937
53, 62, 1023, 0, 25.944
53, 62, 1023, 0, 25.953
53, 62, 1023, 0, 25.961
53, 62, 1023, 0, 25.968
53, 62, 1023, 0, 25.977
53, 62, 1023, 0, 25.983
53, 62, 1023, 0, 25.991
53, 62, 1023, 0, 25.999
53, 62, 1023, 0, 26.007
53, 62, 1023, 0, 26.014
53, 62, 1023, 0, 26.023
53, 62, 1023, 0, 26.030
53, 62, 1023, 0, 26.038
53, 62, 1023, 0, 26.045
53, 62, 1023, 0, 26.053
53, 62, 1023, 0, 26.060
53, 62, 1023, 0, 26.069
53, 62, 1023, 0, 26.076
53, 62, 1023, 0, 26.083
53, 62, 1023, 0, 26.091
53, 62, 1023, 0, 26.099
53, 62, 1023, 0, 26.106
53, 62, 1023, 0, 26.114
53, 62, 1023, 0, 26.122
53, 62, 1023, 0, 26.129
53, 62, 1023, 0, 26.137
53, 62, 1023, 0, 26.145
53, 62, 1023, 0, 26.153
54, 62, 1023, 0, 26.160
54, 62, 1023, 0, 26.168
54, 62, 1023, 0, 26.176
54, 62, 1023, 0, 26.184
54, 62, 1023, 0, 26.191
54, 62, 1023, 0, 26.199
54, 62, 1023, 0, 26.206
54, 62, 1023, 0, 26.214
54, 62, 1023, 0, 26.220
54, 62, 1023, 0, 26.229
54, 62, 1023, 0, 26.236
54, 62, 1023, 0, 26.244
54, 62, 1023, 0, 26.252
54, 62, 1023, 0, 26.260
54, 62, 1023, 0, 26.268
54, 62, 1023, 0, 26.275
54, 62, 1023, 0, 26.283
54, 62, 1023, 0, 26.290
54, 62, 1023, 0, 26.298
54, 62, 1023, 0, 26.306
54, 62, 1023, 0, 26.313
54, 62, 1023, 0, 26.321
54, 62, 1023, 0, 26.330
54, 62, 1023, 0, 26.337
54, 62, 1023, 0, 26.344
54, 62, 1023, 0, 26.353
54, 62, 1023, 0, 26.359
54, 62, 1023, 0, 26.368
54, 62, 1023, 0, 26.375
54, 62, 1023, 0, 26.382
54, 62, 1023, 0, 26.389
54, 62, 1023, 0, 26.398
54, 62, 1023, 0, 26.406
54, 62, 1023, 0, 26.413
54, 61, 1023, 0, 26.421
54, 61, 1023, 0, 26.429
54, 61, 1023, 0, 26.436
54, 61, 1023, 0, 26.444
54, 61, 1023, 0, 26.452
54, 61, 1023, 0, 26.459
54, 61, 1023, 0, 26.467
54, 61, 1023, 0, 26.475
54, 61, 1023, 0, 26.482
54, 61, 1023, 0, 26.490
54, 61, 1023, 0, 26.498
54, 61, 1023, 0, 26.505
54, 61, 1023, 0, 26.513
54, 61, 1023, 0, 26.521
54, 61, 1023, 0, 26.528
54, 61, 1023, 0, 26.536
54, 61, 1023, 0, 26.544
54, 61, 1023, 0, 26.551
54, 61, 1023, 0, 26.559
54, 61, 1023, 0, 26.567
54, 61, 1023, 0, 26.574
54, 61, 1023, 0, 26.582
54, 61, 1023, 0, 26.590
54, 61, 1023, 0, 26.599
54, 61, 1023, 0, 26.605
54, 61, 1023, 0, 26.613
54, 61, 1023, 0, 26.620
54, 61, 1023, 0, 26.628
54, 60, 1023, 0, 26.636
54, 60, 1023, 0, 26.645
54, 60, 1023, 0, 26.651
54, 60, 1023, 0, 26.659
54, 60, 1023, 0, 26.667
54, 60, 1023, 0, 26.674
54, 60, 1023, 0, 26.682
54, 60, 1023, 0, 26.689
54, 60, 1023, 0, 26.697
54, 60, 1023, 0, 26.704
54, 60, 1023, 0, 26.712
54, 60, 1023, 0, 26.720
53, 60, 1023, 0, 26.728
53, 60, 1023, 0, 26.736
53, 60, 1023, 0, 26.743
53, 60, 1023, 0, 26.750
53, 60, 1023, 0, 26.757
53, 60, 1023, 0, 26.766
53, 60, 1023, 0, 26.773
53, 60, 1023, 0, 26.781
53, 60, 1023, 0, 26.789
53, 60, 1023, 0, 26.796
53, 60, 1023, 0, 26.804
53, 60, 1023, 0, 26.812
53, 60, 1023, 0, 26.819
53, 60, 1023, 0, 26.827
53, 60, 1023, 0, 26.834
53, 60, 1023, 0, 26.842
53, 60, 1023, 0, 26.850
53, 60, 1023, 0, 26.857
53, 60, 1023, 0, 26.866
53, 60, 1023, 0, 26.874
53, 60, 1023, 0, 26.881
53, 60, 1023, 0, 26.889
53, 60, 1023, 0, 26.897
53, 60, 1023, 0, 26.903
53, 60, 1023, 0, 26.912
53, 60, 1023, 0, 26.919
53, 60, 1023, 0, 26.926
53, 60, 1023, 0, 26.934
53, 60, 1023, 0, 26.943
53, 60, 1023, 0, 26.950
53, 60, 1023, 0, 26.958
53, 60, 1023, 0, 26.966
53, 60, 1023, 0, 26.972
53, 60, 1023, 0, 26.980
53, 60, 1023, 0, 26.988
53, 60, 1023, 0, 26.996
53, 60, 1023, 0, 27.004
53, 60, 1023, 0, 27.012
53, 60, 1023, 0, 27.018
53, 60, 1023, 0, 27.026
53, 60, 1023, 0, 27.034
53, 60, 1023, 0, 27.041
53, 60, 1023, 0, 27.049
53, 60, 1023, 0, 27.057
53, 60, 1023, 0, 27.065
53, 60, 1023, 0, 27.073
53, 60, 1023, 0, 27.080
53, 60, 1023, 0, 27.088
53, 60, 1023, 0, 27.096
53, 60, 1023, 0, 27.104
53, 60, 1023, 0, 27.113
53, 60, 1023, 0, 27.119
53, 60, 1023, 0, 27.127
53, 60, 1023, 0, 27.135
53, 60, 1023, 0, 27.142
53, 60, 1023, 0, 27.149
53, 60, 1023, 0, 27.157
53, 60, 1023, 0, 27.164
53, 60, 1023, 0, 27.172
53, 60, 1023, 0, 27.180
53, 60, 1023, 0, 27.187
53, 60, 1023, 0, 27.195
53, 60, 1023, 0, 27.203
53, 60, 1023, 0, 27.211
53, 60, 1023, 0, 27.219
53, 60, 1023, 0, 27.227
53, 60, 1023, 0, 27.234
53, 60, 1023, 0, 27.243
53, 60, 1023, 0, 27.250
53, 60, 1023, 0, 27.259
53, 60, 1023, 0, 27.265
53, 60, 1023, 0, 27.273
53, 60, 1023, 0, 27.280
53, 60, 1023, 0, 27.288
53, 60, 1023, 0, 27.296
53, 60, 1023, 0, 27.304
53, 60, 1023, 0, 27.311
53, 60, 1023, 0, 27.319
53, 60, 1023, 0, 27.327
53, 60, 1023, 0, 27.334
53, 60, 1023, 0, 27.342
53, 60, 1023, 0, 27.349
53, 60, 1023, 0, 27.357
53, 60, 1023, 0, 27.364
53, 60, 1023, 0, 27.372
53, 60, 1023, 0, 27.380
53, 60, 1023, 0, 27.388
53, 78, 1023, 0, 51.556
53, 78, 1023, 0, 51.558
53, 78, 1023, 0, 51.560
53, 78, 1023, 0, 51.569
53, 78, 1023, 0, 51.576
53, 78, 1023, 0, 51.584
53, 78, 1023, 0, 51.592
53, 78, 1023, 0, 51.600
53, 78, 1023, 0, 51.607
53, 78, 1023, 0, 51.615
53, 78, 1023, 0, 51.623
53, 78, 1023, 0, 51.630
53, 78, 1023, 0, 51.638
53, 78, 1023, 0, 51.646
53, 78, 1023, 0, 51.652
53, 78, 1023, 0, 51.661
53, 78, 1023, 0, 51.668
53, 78, 1023, 0, 51.676
53, 78, 1023, 0, 51.684
53, 78, 1023, 0, 51.692
53, 78, 1023, 0, 51.699
53, 78, 1023, 0, 51.707
53, 78, 1023, 0, 51.715
53, 78, 1023, 0, 51.722
53, 77, 1023, 0, 51.730
53, 77, 1023, 0, 51.738
53, 77, 1023, 0, 51.745
53, 77, 1023, 0, 51.752
53, 77, 1023, 0, 51.760
53, 77, 1023, 0, 51.769
53, 77, 1023, 0, 51.776
53, 77, 1023, 0, 51.784
53, 76, 1023, 0, 51.790
53, 76, 1023, 0, 51.798
53, 76, 1023, 0, 51.806
53, 76, 1023, 0, 51.814
53, 76, 1023, 0, 51.821
53, 76, 1023, 0, 51.830
53, 76, 1023, 0, 51.838
53, 76, 1023, 0, 51.845
54, 76, 1023, 0, 51.853
54, 76, 1023, 0, 51.861
54, 76, 1023, 0, 51.868
54, 76, 1023, 0, 51.876
54, 76, 1023, 0, 51.883
54, 76, 1023, 0, 51.890
54, 76, 1023, 0, 51.899
54, 76, 1023, 0, 51.907
54, 76, 1023, 0, 51.914
54, 76, 1023, 0, 51.922
54, 76, 1023, 0, 51.929
54, 76, 1023, 0, 51.937
54, 76, 1023, 0, 51.946
54, 76, 1023, 0, 51.952
54, 76, 1023, 0, 51.960
54, 76, 1023, 0, 51.968
54, 76, 1023, 0, 51.976
54, 76, 1023, 0, 51.982
54, 76, 1023, 0, 51.991
54, 76, 1023, 0, 51.998
54, 76, 1023, 0, 52.006
54, 76, 1023, 0, 52.014
54, 76, 1023, 0, 52.023
54, 76, 1023, 0, 52.029
54, 76, 1023, 0, 52.037
54, 76, 1023, 0, 52.046
54, 76, 1023, 0, 52.052
54, 76, 1023, 0, 52.060
54, 76, 1023, 0, 52.068
54, 76, 1023, 0, 52.076
54, 76, 1023, 0, 52.083
54, 76, 1023, 0, 52.091
54, 76, 1023, 0, 52.099
54, 76, 1023, 0, 52.106
54, 76, 1023, 0, 52.114
54, 76, 1023, 0, 52.121
54, 76, 1023, 0, 52.129
54, 76, 1023, 0, 52.137
54, 75, 1023, 0, 52.144
54, 75, 1023, 0, 52.152
54, 75, 1023, 0, 52.160
54, 75, 1023, 0, 52.168
54, 75, 1023, 0, 52.175
54, 75, 1023, 0, 52.183
54, 75, 1023, 0, 52.190
54, 75, 1023, 0, 52.197
54, 75, 1023, 0, 52.206
54, 75, 1023, 0, 52.213
54, 75, 1023, 0, 52.221
54, 75, 1023, 0, 52.229
54, 75, 1023, 0, 52.235
54, 75, 1023, 0, 52.244
54, 75, 1023, 0, 52.252
54, 75, 1023, 0, 52.259
54, 75, 1023, 0, 52.267
54, 75, 1023, 0, 52.274
54, 75, 1023, 0, 52.282
54, 75, 1023, 0, 52.290
54, 75, 1023, 0, 52.298
54, 75, 1023, 0, 52.305
54, 75, 1023, 0, 52.312
54, 75, 1023, 0, 52.321
54, 75, 1023, 0, 52.328
54, 75, 1023, 0, 52.335
54, 75, 1023, 0, 52.344
54, 75, 1023, 0, 52.351
54, 75, 1023, 0, 52.359
54, 75, 1023, 0, 52.367
54, 75, 1023, 0, 52.376
54, 75, 1023, 0, 52.381
54, 75, 1023, 0, 52.390
54, 75, 1023, 0, 52.398
54, 75, 1023, 0, 52.406
54, 75, 1023, 0, 52.413
54, 75, 1023, 0, 52.421
54, 75, 1023, 0, 52.429
54, 75, 1023, 0, 52.436
54, 75, 1023, 0, 52.443
54, 75, 1023, 0, 52.451
54, 75, 1023, 0, 52.459
54, 75, 1023, 0, 52.467
54, 75, 1023, 0, 52.474
54, 75, 1023, 0, 52.482
54, 75, 1023, 0, 52.490
54, 75, 1023, 0, 52.497
54, 75, 1023, 0, 52.505
54, 75, 1023, 0, 52.513
54, 75, 1023, 0, 52.520
54, 75, 1023, 0, 52.528
54, 75, 1023, 0, 52.536
54, 75, 1023, 0, 52.543
54, 75, 1023, 0, 52.551
54, 75, 1023, 0, 52.559
54, 75, 1023, 0, 52.566
54, 75, 1023, 0, 52.574
54, 75, 1023, 0, 52.582
54, 75, 1023, 0, 52.589
54, 75, 1023, 0, 52.597
54, 75, 1023, 0, 52.605
54, 75, 1023, 0, 52.613
54, 75, 1023, 0, 52.620
54, 75, 1023, 0, 52.628
54, 75, 1023, 0, 52.636
54, 75, 1023, 0, 52.642
54, 75, 1023, 0, 52.650
54, 75, 1006, 0, 52.658
54, 75, 1006, 0, 52.665
54, 75, 1006, 0, 52.675
54, 75, 1006, 0, 52.681
54, 75, 1006, 0, 52.690
54, 75, 994, 0, 52.697
54, 75, 994, 0, 52.703
54, 75, 994, 0, 52.711
54, 75, 994, 0, 52.720
54, 75, 994, 0, 52.728
54, 75, 994, 0, 52.735
54, 75, 994, 0, 52.743
54, 75, 994, 0, 52.751
54, 74, 994, 0, 52.758
54, 74, 994, 0, 52.766
54, 74, 994, 0, 52.774
54, 74, 994, 0, 52.781
54, 74, 994, 0, 52.789
54, 74, 994, 0, 52.797
54, 74, 994, 0, 52.803
54, 74, 994, 0, 52.811
54, 74, 994, 0, 52.819
54, 74, 994, 0, 52.828
54, 74, 994, 0, 52.835
54, 74, 994, 0, 52.842
54, 74, 994, 0, 52.850
54, 74, 994, 0, 52.857
54, 74, 994, 0, 52.866
54, 74, 994, 0, 52.873
54, 74, 994, 0, 52.882
54, 74, 994, 0, 52.889
54, 74, 994, 0, 52.897
54, 74, 994, 0, 52.903
54, 74, 994, 0, 52.912
54, 74, 994, 0, 52.918
54, 74, 994, 0, 52.928
54, 74, 994, 0, 52.935
54, 74, 994, 0, 52.942
54, 74, 994, 0, 52.950
54, 74, 994, 0, 52.958
54, 74, 994, 0, 52.966
54, 74, 994, 0, 52.973
54, 74, 994, 0, 52.981
54, 74, 982, 0, 52.988
54, 74, 982, 0, 52.996
55, 74, 982, 0, 53.004
55, 74, 970, 0, 53.012
55, 74, 970, 0, 53.020
55, 74, 970, 0, 53.027
55, 74, 970, 0, 53.036
55, 74, 970, 0, 53.042
55, 74, 970, 0, 53.050
55, 74, 970, 0, 53.058
55, 74, 970, 0, 53.065
55, 74, 970, 0, 53.073
55, 74, 970, 0, 53.080
55, 74, 970, 0, 53.087
55, 74, 970, 0, 53.096
55, 74, 970, 0, 53.104
55, 74, 970, 0, 53.111
55, 74, 958, 0, 53.120
55, 74, 958, 0, 53.127
55, 74, 958, 0, 53.134
55, 74, 946, 0, 53.142
55, 74, 946, 0, 53.150
55, 74, 934, 0, 53.157
55, 74, 934, 0, 53.165
55, 74, 934, 0, 53.173
55, 74, 922, 0, 53.180
55, 74, 910, 0, 53.188
55, 74, 894, 0, 53.196
55, 74, 882, 0, 53.203
55, 74, 870, 0, 53.211
55, 74, 846, 0, 53.219
55, 74, 822, 0, 53.227
55, 74, 798, 0, 53.234
55, 74, 758, 0, 53.242
55, 74, 710, 0, 53.249
55, 74, 657, 0, 53.257
55, 74, 585, 0, 53.265
55, 74, 509, 0, 53.272
55, 74, 433, 0, 53.280
55, 74, 332, 0, 53.288
55, 74, 248, 0, 53.296
55, 75, 148, 0, 53.302
55, 75, 48, 0, 53.311
56, 75, 0, 0, 53.318
56, 76, 0, 0, 53.325
56, 76, 0, 0, 53.333
56, 76, 0, 0, 53.341
56, 76, 0, 9924, 53.349
56, 76, 0, 10164, 53.358
55, 76, 0, 11541, 53.365
55, 76, 0, 13142, 53.372
55, 76, 0, 14166, 53.379
55, 76, 0, 14662, 53.387
55, 75, 0, 15062, 53.395
55, 75, 0, 15238, 53.403
55, 74, 0, 15447, 53.411
55, 73, 0, 15735, 53.418
55, 72, 0, 16103, 53.426
55, 70, 0, 16695, 53.434
55, 69, 0, 17223, 53.440
55, 67, 0, 17992, 53.449
55, 66, 0, 18520, 53.457
56, 65, 0, 18920, 53.465
56, 63, 0, 19080, 53.471
56, 62, 0, 19288, 53.480
57, 61, 0, 19368, 53.487
57, 60, 0, 19384, 53.495
58, 60, 0, 19384, 53.503
58, 59, 0, 19448, 53.510
59, 59, 0, 19432, 53.519
59, 58, 0, 19416, 53.526
60, 58, 0, 19432, 53.533
60, 58, 0, 19432, 53.541
61, 58, 0, 19480, 53.549
62, 59, 0, 19512, 53.557
63, 59, 0, 19528, 53.564
64, 60, 0, 19640, 53.572
65, 62, 0, 19769, 53.579
65, 63, 0, 19849, 53.587
66, 65, 0, 20105, 53.595
67, 67, 0, 20473, 53.602
68, 70, 0, 20729, 53.610
69, 73, 0, 20889, 53.618
70, 76, 0, 20793, 53.626
70, 79, 0, 20921, 53.634
71, 82, 0, 21049, 53.641
72, 86, 0, 21177, 53.649
72, 90, 0, 21145, 53.656
73, 94, 0, 20985, 53.664
73, 98, 0, 21033, 53.671
74, 102, 0, 21129, 53.681
74, 106, 0, 20985, 53.688
75, 110, 0, 21049, 53.695
75, 114, 0, 21065, 53.702
76, 117, 0, 20985, 53.710
76, 120, 0, 20905, 53.717
77, 122, 0, 20905, 53.724
77, 124, 0, 21017, 53.732
77, 125, 0, 21033, 53.740
77, 126, 0, 20937, 53.748
77, 126, 0, 20889, 53.755
77, 126, 0, 20905, 53.764
77, 126, 0, 20969, 53.770
77, 126, 0, 20969, 53.780
77, 126, 0, 20809, 53.786
77, 125, 0, 20521, 53.794
77, 124, 0, 20425, 53.802
77, 122, 0, 20441, 53.810
76, 120, 0, 20457, 53.818
76, 117, 0, 20377, 53.825
76, 113, 0, 20377, 53.833
75, 110, 0, 20281, 53.840
75, 106, 0, 20329, 53.848
75, 102, 0, 20313, 53.856
75, 98, 0, 20233, 53.863
75, 95, 0, 20297, 53.871
75, 92, 0, 20297, 53.878
75, 90, 0, 20137, 53.886
75, 89, 0, 20105, 53.894
76, 87, 0, 19977, 53.903
77, 87, 0, 19801, 53.910
77, 86, 0, 19640, 53.917
78, 86, 0, 19608, 53.924
79, 86, 0, 19560, 53.932
80, 87, 0, 19336, 53.940
81, 88, 0, 18696, 53.948
82, 90, 0, 17816, 53.955
83, 92, 0, 17223, 53.963
84, 95, 0, 16663, 53.971
85, 98, 0, 16071, 53.979
86, 100, 0, 15719, 53.986
87, 103, 0, 15671, 53.995
88, 105, 0, 15655, 54.001
89, 106, 0, 15671, 54.010
89, 107, 0, 15751, 54.017
89, 107, 0, 15863, 54.024
89, 107, 0, 15911, 54.031
89, 106, 0, 16407, 54.040
89, 104, 0, 16855, 54.048
89, 102, 0, 17047, 54.055
88, 100, 0, 17143, 54.062
88, 97, 0, 17223, 54.070
87, 94, 0, 17415, 54.079
86, 90, 0, 18216, 54.086
86, 86, 0, 19080, 54.093
85, 82, 0, 19528, 54.101
85, 78, 0, 19817, 54.109
84, 75, 0, 19849, 54.117
84, 73, 0, 19769, 54.124
84, 71, 0, 19721, 54.133
84, 70, 0, 19288, 54.140
85, 70, 0, 17992, 54.147
85, 70, 0, 15591, 54.155
85, 70, 0, 13670, 54.162
86, 70, 0, 12357, 54.169
86, 70, 0, 12309, 54.177
86, 70, 0, 12197, 54.185
86, 69, 0, 12725, 54.193
86, 67, 0, 15687, 54.200
86, 65, 0, 18376, 54.209
87, 63, 0, 20265, 54.217
87, 60, 0, 21273, 54.224
87, 58, 0, 21417, 54.232
87, 56, 0, 21401, 54.238
87, 55, 0, 20873, 54.247
88, 54, 0, 18536, 54.256
88, 54, 0, 14726, 54.262
88, 54, 0, 9876, 54.269
88, 55, 0, 5170, 54.278
88, 55, 0, 0, 54.286
88, 58, 0, 0, 54.293
88, 60, 40, 0, 54.301
88, 63, 84, 0, 54.309
88, 67, 136, 0, 54.316
88, 70, 180, 0, 54.324
88, 74, 236, 0, 54.332
88, 77, 268, 0, 54.339
89, 81, 256, 0, 54.347
90, 84, 224, 0, 54.353
90, 87, 148, 0, 54.362
91, 89, 84, 0, 54.369
92, 91, 8, 0, 54.377
92, 92, 0, 0, 54.386
93, 92, 0, 0, 54.393
93, 92, 0, 15975, 54.401
93, 91, 0, 15479, 54.408
93, 89, 0, 16167, 54.416
93, 87, 0, 16551, 54.423
93, 84, 0, 16983, 54.431
93, 81, 0, 17544, 54.439
93, 77, 0, 18760, 54.447
93, 73, 0, 19512, 54.455
93, 70, 0, 19721, 54.461
93, 66, 0, 19801, 54.469
94, 64, 0, 19833, 54.477
94, 62, 0, 19448, 54.485
95, 61, 0, 18616, 54.493
96, 60, 0, 17800, 54.500
97, 60, 0, 16999, 54.508
98, 60, 0, 15511, 54.517
99, 61, 0, 14006, 54.524
99, 61, 0, 13077, 54.531
100, 61, 0, 13045, 54.539
101, 61, 0, 12997, 54.546
102, 61, 0, 13174, 54.554
103, 61, 0, 13494, 54.562
104, 60, 0, 14038, 54.570
104, 59, 0, 15014, 54.577
105, 59, 0, 15591, 54.586
106, 58, 0, 15703, 54.591
107, 59, 0, 15639, 54.600
108, 59, 0, 15591, 54.608
109, 61, 0, 15527, 54.616
110, 63, 0, 15591, 54.622
111, 65, 0, 15703, 54.631
112, 68, 0, 15767, 54.639
113, 72, 0, 15831, 54.646
114, 76, 0, 15831, 54.654
115, 80, 0, 15687, 54.661
116, 84, 0, 14310, 54.668
117, 89, 0, 12357, 54.678
118, 93, 0, 10276, 54.684
119, 98, 0, 8932, 54.692
120, 102, 0, 8804, 54.700
121, 105, 0, 9236, 54.707
121, 107, 0, 10084, 54.716
122, 109, 0, 10933, 54.723
122, 110, 0, 11701, 54.730
122, 109, 0, 11941, 54.739
122, 108, 0, 12133, 54.746
122, 105, 0, 13286, 54.753
121, 102, 0, 14166, 54.761
121, 98, 0, 14534, 54.769
120, 93, 0, 15238, 54.777
119, 88, 0, 16647, 54.784
119, 84, 0, 17688, 54.792
118, 79, 0, 18376, 54.800
118, 75, 0, 18744, 54.807
118, 72, 0, 18792, 54.815
118, 70, 0, 18920, 54.823
119, 68, 0, 18888, 54.829
119, 67, 0, 18776, 54.837
120, 67, 0, 18168, 54.847
121, 67, 0, 15463, 54.852
122, 68, 0, 12165, 54.861
122, 70, 0, 8579, 54.869
123, 71, 0, 4610, 54.876
124, 73, 0, 640, 54.884
124, 73, 0, 0, 54.891
126, 75, 0, 4273, 54.898
126, 75, 0, 6899, 54.908
126, 74, 0, 8836, 54.915
126, 72, 0, 12645, 54.922
126, 70, 0, 15975, 54.931
126, 68, 0, 17800, 54.938
126, 66, 0, 18872, 54.945
125, 64, 0, 19048, 54.953
125, 62, 0, 18984, 54.962
125, 62, 0, 18968, 54.969
125, 61, 0, 18840, 54.976
124, 62, 0, 18840, 54.984
124, 63, 0, 18392, 54.991
124, 66, 0, 18296, 55.000
123, 69, 0, 18200, 55.007
123, 72, 0, 18024, 55.013
122, 77, 0, 17303, 55.022
122, 81, 0, 15335, 55.030
121, 86, 0, 13814, 55.037
121, 91, 0, 12917, 55.045
120, 95, 0, 11941, 55.053
120, 99, 0, 11925, 55.060
120, 102, 0, 13222, 55.069
120, 104, 0, 15799, 55.077
119, 106, 0, 17816, 55.083
119, 107, 0, 19352, 55.091
119, 107, 0, 20617, 55.099
120, 107, 0, 21161, 55.107
120, 107, 0, 20985, 55.114
121, 107, 0, 21273, 55.122
123, 106, 0, 21994, 55.129
124, 106, 0, 22218, 55.136
126, 106, 0, 22234, 55.145
128, 106, 0, 22042, 55.152
129, 106, 0, 20937, 55.160
131, 106, 0, 20153, 55.168
132, 105, 0, 20041, 55.176
134, 105, 0, 20089, 55.183
135, 104, 0, 20073, 55.192
136, 103, 0, 20105, 55.200
136, 102, 0, 20025, 55.206
137, 101, 0, 17784, 55.214
137, 99, 0, 10596, 55.222
137, 99, 0, 0, 55.229
137, 97, 120, 0, 55.236
137, 95, 260, 0, 55.245
136, 94, 437, 0, 55.252
136, 93, 613, 0, 55.260
134, 93, 778, 0, 55.269
134, 93, 898, 0, 55.276
134, 93, 986, 0, 55.283
134, 93, 1023, 0, 55.291
134, 93, 1023, 0, 55.304
134, 93, 1023, 0, 55.313
134, 93, 1023, 0, 55.328
134, 93, 1023, 0, 55.336
134, 93, 1023, 0, 55.341
134, 93, 1023, 0, 55.348
134, 93, 1023, 0, 55.355
134, 93, 1023, 0, 55.363
134, 93, 1023, 0, 55.369
134, 93, 1023, 0, 55.376
134, 93, 1023, 0, 55.382
134, 93, 1023, 0, 55.388
134, 93, 1023, 0, 55.396
