57, 65, 1023, 0, 53.112
57, 65, 1023, 0, 53.114
57, 65, 1023, 0, 53.115
57, 65, 1023, 0, 53.123
57, 65, 1023, 0, 53.132
57, 65, 1023, 0, 53.138
57, 65, 1023, 0, 53.147
57, 65, 1023, 0, 53.155
57, 65, 1023, 0, 53.161
57, 65, 1023, 0, 53.170
57, 65, 1023, 0, 53.178
57, 65, 1023, 0, 53.185
57, 65, 1023, 0, 53.192
57, 65, 1023, 0, 53.201
57, 65, 1023, 0, 53.208
57, 65, 1023, 0, 53.215
57, 65, 1023, 0, 53.224
57, 65, 1023, 0, 53.230
57, 65, 1023, 0, 53.238
57, 65, 1023, 0, 53.247
57, 65, 1023, 0, 53.254
57, 65, 1023, 0, 53.262
57, 65, 1023, 0, 53.270
57, 65, 1023, 0, 53.276
57, 65, 1023, 0, 53.285
57, 65, 1023, 0, 53.293
57, 65, 1023, 0, 53.300
57, 65, 1023, 0, 53.307
57, 65, 1023, 0, 53.316
57, 65, 1023, 0, 53.323
57, 65, 1023, 0, 53.330
57, 65, 1023, 0, 53.338
57, 65, 1023, 0, 53.346
57, 65, 1023, 0, 53.353
57, 65, 1023, 0, 53.361
57, 65, 1023, 0, 53.369
57, 65, 1023, 0, 53.376
57, 65, 1023, 0, 53.384
57, 65, 1023, 0, 53.392
57, 65, 1023, 0, 53.399
57, 65, 1023, 0, 53.407
57, 65, 1023, 0, 53.415
57, 65, 1023, 0, 53.422
57, 65, 1023, 0, 53.431
57, 65, 1023, 0, 53.439
57, 65, 1023, 0, 53.447
57, 65, 1023, 0, 53.454
57, 65, 1023, 0, 53.462
57, 65, 1023, 0, 53.469
57, 65, 1023, 0, 53.477
57, 65, 1023, 0, 53.485
57, 65, 1023, 0, 53.491
57, 65, 1023, 0, 53.499
57, 65, 1023, 0, 53.508
57, 65, 1023, 0, 53.515
57, 65, 1023, 0, 53.522
57, 65, 1023, 0, 53.530
57, 65, 1023, 0, 53.537
58, 65, 1023, 0, 53.546
58, 65, 1023, 0, 53.554
58, 65, 1023, 0, 53.560
58, 65, 1023, 0, 53.568
58, 65, 1023, 0, 53.577
58, 65, 1023, 0, 53.584
58, 65, 1023, 0, 53.592
58, 65, 1023, 0, 53.600
58, 65, 1023, 0, 53.607
58, 65, 1023, 0, 53.614
58, 65, 1023, 0, 53.623
58, 65, 1023, 0, 53.629
58, 65, 1023, 0, 53.638
58, 65, 1023, 0, 53.645
58, 65, 1023, 0, 53.652
58, 65, 1023, 0, 53.660
58, 65, 1023, 0, 53.668
58, 65, 1023, 0, 53.675
58, 65, 1023, 0, 53.683
58, 65, 1023, 0, 53.692
58, 65, 1023, 0, 53.700
58, 65, 1023, 0, 53.706
58, 65, 1023, 0, 53.714
58, 65, 1023, 0, 53.721
58, 65, 1023, 0, 53.729
58, 65, 1023, 0, 53.737
58, 65, 1023, 0, 53.745
58, 65, 1023, 0, 53.752
58, 65, 1023, 0, 53.760
58, 65, 1023, 0, 53.769
58, 65, 1023, 0, 53.776
58, 65, 1023, 0, 53.784
58, 65, 1023, 0, 53.790
58, 65, 1023, 0, 53.799
58, 65, 1023, 0, 53.807
58, 65, 1023, 0, 53.815
58, 65, 1023, 0, 53.822
58, 65, 1023, 0, 53.830
58, 65, 1023, 0, 53.838
58, 65, 1023, 0, 53.845
58, 65, 1023, 0, 53.853
58, 65, 1023, 0, 53.861
58, 65, 1023, 0, 53.868
58, 65, 1023, 0, 53.876
58, 65, 1023, 0, 53.884
58, 65, 1023, 0, 53.890
58, 65, 1023, 0, 53.898
58, 65, 1023, 0, 53.907
58, 65, 1023, 0, 53.914
59, 65, 1023, 0, 53.921
59, 65, 1023, 0, 53.929
59, 65, 1023, 0, 53.937
59, 65, 1023, 0, 53.944
59, 65, 1023, 0, 53.953
59, 65, 1023, 0, 53.960
59, 65, 1023, 0, 53.968
59, 65, 1023, 0, 53.976
59, 65, 1023, 0, 53.983
59, 65, 1023, 0, 53.990
59, 65, 1023, 0, 53.999
59, 65, 1023, 0, 54.006
59, 65, 1023, 0, 54.013
59, 65, 1023, 0, 54.021
59, 65, 1023, 0, 54.028
59, 66, 1023, 0, 54.036
59, 66, 1023, 0, 54.045
59, 66, 1023, 0, 54.052
59, 66, 1023, 0, 54.060
59, 66, 1023, 0, 54.068
59, 66, 1023, 0, 54.075
59, 66, 1023, 0, 54.082
59, 66, 1023, 0, 54.091
59, 66, 1023, 0, 54.099
59, 66, 1023, 0, 54.106
59, 66, 1023, 0, 54.114
59, 66, 1023, 0, 54.122
59, 66, 1023, 0, 54.129
59, 66, 1023, 0, 54.135
59, 66, 1023, 0, 54.145
59, 66, 1023, 0, 54.152
59, 66, 1023, 0, 54.160
59, 66, 1023, 0, 54.168
59, 66, 1023, 0, 54.174
59, 66, 1023, 0, 54.182
59, 66, 1023, 0, 54.190
59, 66, 1023, 0, 54.197
59, 66, 1023, 0, 54.206
59, 66, 1023, 0, 54.213
59, 66, 1023, 0, 54.220
59, 66, 1023, 0, 54.228
59, 66, 1023, 0, 54.237
59, 66, 1023, 0, 54.244
59, 66, 1023, 0, 54.252
59, 66, 1023, 0, 54.260
59, 66, 1023, 0, 54.267
59, 66, 1023, 0, 54.275
59, 66, 1023, 0, 54.283
59, 66, 1023, 0, 54.289
59, 66, 1023, 0, 54.298
59, 66, 1023, 0, 54.305
59, 66, 1023, 0, 54.313
59, 66, 1023, 0, 54.321
59, 66, 1023, 0, 54.329
59, 66, 1023, 0, 54.337
59, 66, 1023, 0, 54.344
59, 66, 1023, 0, 54.351
59, 66, 1023, 0, 54.359
59, 66, 1023, 0, 54.368
59, 66, 1023, 0, 54.374
59, 66, 1023, 0, 54.380
59, 66, 1023, 0, 54.389
59, 66, 1023, 0, 54.397
59, 66, 1023, 0, 54.405
59, 66, 1023, 0, 54.413
59, 66, 1023, 0, 54.421
59, 66, 1023, 0, 54.427
59, 66, 1023, 0, 54.436
59, 66, 1023, 0, 54.443
59, 66, 1023, 0, 54.450
59, 66, 1023, 0, 54.458
59, 66, 1023, 0, 54.467
59, 66, 1023, 0, 54.474
59, 66, 1023, 0, 54.481
59, 66, 1023, 0, 54.490
59, 66, 1023, 0, 54.497
59, 66, 1023, 0, 54.505
59, 66, 1023, 0, 54.513
59, 67, 1023, 0, 54.520
59, 67, 1023, 0, 54.528
59, 67, 1023, 0, 54.535
59, 67, 1023, 0, 54.543
59, 67, 1023, 0, 54.551
59, 67, 1023, 0, 54.558
59, 67, 1023, 0, 54.566
59, 67, 1023, 0, 54.573
59, 67, 1023, 0, 54.581
59, 67, 1023, 0, 54.589
59, 67, 1023, 0, 54.596
59, 67, 1023, 0, 54.605
59, 67, 1023, 0, 54.613
59, 67, 1023, 0, 54.619
59, 67, 1023, 0, 54.628
59, 67, 1023, 0, 54.636
59, 67, 1023, 0, 54.642
59, 67, 1023, 0, 54.651
59, 67, 1023, 0, 54.659
59, 67, 1023, 0, 54.666
59, 67, 1023, 0, 54.673
59, 67, 1023, 0, 54.681
59, 67, 1023, 0, 54.689
59, 67, 1023, 0, 54.697
59, 67, 1023, 0, 54.704
59, 67, 1023, 0, 54.711
59, 67, 1023, 0, 54.719
59, 67, 1023, 0, 54.727
59, 67, 1023, 0, 54.735
59, 67, 1023, 0, 54.742
59, 67, 1023, 0, 54.750
59, 67, 1023, 0, 54.758
59, 67, 1023, 0, 54.765
59, 67, 1023, 0, 54.773
59, 67, 1023, 0, 54.782
59, 67, 1023, 0, 54.789
59, 67, 1023, 0, 54.797
59, 67, 1023, 0, 54.805
59, 67, 1023, 0, 54.812
59, 67, 1023, 0, 54.820
59, 67, 1023, 0, 54.828
59, 67, 1023, 0, 54.834
59, 67, 1023, 0, 54.842
59, 67, 1023, 0, 54.850
59, 67, 1023, 0, 54.857
59, 67, 1023, 0, 54.865
59, 67, 1023, 0, 54.873
59, 67, 1023, 0, 54.881
59, 67, 1023, 0, 54.888
59, 67, 1023, 0, 54.896
59, 67, 1023, 0, 54.904
59, 67, 1023, 0, 54.911
59, 67, 1023, 0, 54.920
59, 67, 1023, 0, 54.926
59, 67, 1023, 0, 54.935
59, 67, 1023, 0, 54.943
59, 67, 1023, 0, 54.950
59, 67, 1023, 0, 54.957
59, 67, 1023, 0, 54.966
59, 67, 1023, 0, 54.973
59, 67, 1023, 0, 54.981
59, 67, 1023, 0, 54.989
59, 67, 1023, 0, 54.997
59, 67, 1023, 0, 55.004
59, 67, 1023, 0, 55.012
59, 67, 1023, 0, 55.019
59, 67, 1023, 0, 55.026
59, 67, 1023, 0, 55.035
59, 67, 1023, 0, 55.042
59, 67, 1023, 0, 55.049
59, 67, 1023, 0, 55.057
59, 67, 1023, 0, 55.065
59, 67, 1023, 0, 55.072
59, 67, 1023, 0, 55.080
59, 67, 1023, 0, 55.088
59, 67, 1023, 0, 55.095
59, 67, 1023, 0, 55.104
59, 67, 1023, 0, 55.110
59, 67, 1023, 0, 55.119
59, 67, 1023, 0, 55.126
59, 67, 1023, 0, 55.134
59, 67, 1023, 0, 55.142
59, 67, 1023, 0, 55.149
59, 67, 1023, 0, 55.157
59, 67, 1023, 0, 55.165
59, 67, 1023, 0, 55.172
59, 67, 1023, 0, 55.180
59, 67, 1023, 0, 55.187
59, 67, 1023, 0, 55.196
59, 67, 1023, 0, 55.204
59, 67, 1023, 0, 55.211
59, 67, 1023, 0, 55.219
59, 67, 1023, 0, 55.227
59, 67, 1023, 0, 55.233
59, 67, 1023, 0, 55.241
59, 67, 1023, 0, 55.249
59, 67, 1023, 0, 55.258
59, 67, 1023, 0, 55.264
59, 67, 1023, 0, 55.272
59, 67, 1023, 0, 55.280
59, 67, 1023, 0, 55.288
59, 67, 1023, 0, 55.296
59, 67, 1023, 0, 55.302
59, 67, 1023, 0, 55.311
59, 67, 1023, 0, 55.318
59, 67, 1023, 0, 55.325
59, 67, 1023, 0, 55.334
59, 67, 1023, 0, 55.342
59, 67, 1023, 0, 55.349
59, 67, 1023, 0, 55.356
59, 67, 1023, 0, 55.364
59, 67, 1023, 0, 55.372
59, 67, 1023, 0, 55.379
59, 67, 1023, 0, 55.388
59, 67, 1023, 0, 55.395
59, 67, 1023, 0, 55.403
59, 67, 1023, 0, 55.411
59, 67, 1023, 0, 55.418
59, 67, 1023, 0, 55.426
59, 67, 1023, 0, 55.434
59, 67, 1023, 0, 55.441
59, 67, 1023, 0, 55.449
59, 67, 1023, 0, 55.456
59, 67, 1023, 0, 55.465
59, 67, 1023, 0, 55.472
59, 67, 1023, 0, 55.480
59, 67, 1023, 0, 55.488
59, 67, 1023, 0, 55.494
59, 67, 1023, 0, 55.502
59, 67, 1023, 0, 55.510
59, 67, 1023, 0, 55.518
59, 67, 1023, 0, 55.526
59, 67, 1023, 0, 55.533
59, 67, 1023, 0, 55.540
59, 67, 1023, 0, 55.549
59, 67, 1023, 0, 55.557
59, 67, 1023, 0, 55.564
59, 67, 1023, 0, 55.571
59, 67, 1023, 0, 55.579
59, 67, 1023, 0, 55.587
59, 67, 1023, 0, 55.595
59, 66, 1023, 0, 55.603
59, 66, 1023, 0, 55.610
59, 66, 1023, 0, 55.617
59, 66, 1023, 0, 55.625
59, 66, 1023, 0, 55.633
59, 66, 1023, 0, 55.640
59, 66, 1023, 0, 55.648
59, 66, 1023, 0, 55.655
59, 66, 1023, 0, 55.664
59, 66, 1023, 0, 55.672
59, 66, 1023, 0, 55.679
59, 66, 1023, 0, 55.687
59, 66, 1023, 0, 55.695
59, 66, 1023, 0, 55.702
59, 66, 1023, 0, 55.709
59, 66, 1023, 0, 55.717
59, 66, 1023, 0, 55.724
59, 66, 1023, 0, 55.732
59, 66, 1023, 0, 55.740
59, 66, 1023, 0, 55.749
59, 66, 1023, 0, 55.756
59, 66, 1023, 0, 55.764
59, 66, 1023, 0, 55.771
59, 66, 1023, 0, 55.779
59, 66, 1023, 0, 55.786
59, 66, 1023, 0, 55.794
59, 66, 1023, 0, 55.802
59, 66, 1023, 0, 55.809
59, 66, 1023, 0, 55.817
59, 66, 1023, 0, 55.825
59, 66, 1023, 0, 55.833
59, 66, 1023, 0, 55.840
59, 66, 1023, 0, 55.848
59, 66, 1023, 0, 55.856
59, 66, 1023, 0, 55.863
59, 66, 1023, 0, 55.871
59, 66, 1023, 0, 55.879
59, 66, 1023, 0, 55.887
59, 66, 1023, 0, 55.894
59, 66, 1023, 0, 55.902
59, 66, 1023, 0, 55.910
59, 66, 1023, 0, 55.917
59, 66, 1023, 0, 55.924
59, 66, 1023, 0, 55.932
59, 66, 1023, 0, 55.939
59, 66, 1023, 0, 55.948
59, 66, 1023, 0, 55.954
59, 66, 1023, 0, 55.962
59, 66, 1023, 0, 55.970
59, 66, 1023, 0, 55.978
59, 66, 1023, 0, 55.986
59, 66, 1023, 0, 55.994
59, 66, 1023, 0, 56.002
59, 66, 1023, 0, 56.009
59, 66, 1023, 0, 56.017
59, 66, 1023, 0, 56.024
59, 66, 1023, 0, 56.032
59, 66, 1023, 0, 56.039
59, 66, 1023, 0, 56.047
59, 66, 1023, 0, 56.055
59, 66, 1023, 0, 56.063
59, 66, 1023, 0, 56.071
59, 66, 1023, 0, 56.078
59, 66, 1023, 0, 56.086
59, 66, 1023, 0, 56.094
59, 66, 1023, 0, 56.100
59, 66, 1023, 0, 56.109
59, 66, 1023, 0, 56.116
59, 66, 1023, 0, 56.124
59, 66, 1023, 0, 56.131
59, 66, 1023, 0, 56.140
59, 66, 1023, 0, 56.148
59, 66, 1023, 0, 56.154
59, 66, 1023, 0, 56.162
59, 66, 1023, 0, 56.170
59, 66, 1023, 0, 56.177
59, 66, 1023, 0, 56.185
59, 66, 1023, 0, 56.192
59, 66, 1023, 0, 56.200
59, 66, 1023, 0, 56.209
59, 66, 1023, 0, 56.217
59, 66, 1023, 0, 56.223
59, 66, 1023, 0, 56.232
59, 66, 1023, 0, 56.239
59, 66, 1023, 0, 56.247
59, 66, 1023, 0, 56.255
59, 66, 1023, 0, 56.261
59, 66, 1023, 0, 56.269
59, 66, 1023, 0, 56.278
59, 66, 1023, 0, 56.285
59, 66, 1023, 0, 56.293
59, 66, 1023, 0, 56.301
59, 66, 1023, 0, 56.308
59, 66, 1023, 0, 56.315
59, 66, 1023, 0, 56.323
59, 66, 1023, 0, 56.331
59, 66, 1023, 0, 56.338
59, 66, 1023, 0, 56.348
59, 66, 1023, 0, 56.355
59, 66, 1023, 0, 56.361
59, 66, 1023, 0, 56.370
59, 66, 1023, 0, 56.378
59, 66, 1023, 0, 56.384
59, 66, 1023, 0, 56.393
59, 66, 1023, 0, 56.400
59, 66, 1023, 0, 56.407
59, 66, 1023, 0, 56.416
59, 66, 1023, 0, 56.423
59, 66, 1023, 0, 56.431
59, 66, 1023, 0, 56.438
59, 66, 1023, 0, 56.447
59, 66, 1023, 0, 56.453
59, 66, 1023, 0, 56.462
59, 66, 1023, 0, 56.470
59, 66, 1023, 0, 56.477
59, 66, 1023, 0, 56.484
59, 66, 1023, 0, 56.492
59, 66, 1023, 0, 56.499
59, 66, 1023, 0, 56.507
59, 66, 1023, 0, 56.515
59, 66, 1023, 0, 56.522
59, 66, 1023, 0, 56.530
59, 66, 1023, 0, 56.538
59, 66, 1023, 0, 56.546
59, 66, 1023, 0, 56.553
59, 66, 1023, 0, 56.561
59, 66, 1023, 0, 56.568
59, 66, 1023, 0, 56.577
59, 66, 1023, 0, 56.585
59, 66, 1023, 0, 56.591
59, 66, 1023, 0, 56.600
59, 66, 1023, 0, 56.607
59, 66, 1023, 0, 56.615
59, 66, 1023, 0, 56.622
59, 66, 1023, 0, 56.631
59, 66, 1023, 0, 56.637
59, 66, 1023, 0, 56.647
59, 66, 1023, 0, 56.654
59, 66, 1023, 0, 56.662
59, 66, 1023, 0, 56.669
59, 66, 1023, 0, 56.676
59, 66, 1023, 0, 56.684
59, 66, 1023, 0, 56.691
59, 66, 1023, 0, 56.700
59, 66, 1023, 0, 56.707
59, 66, 1023, 0, 56.714
59, 66, 1023, 0, 56.722
59, 66, 1023, 0, 56.731
59, 66, 1023, 0, 56.737
59, 66, 1023, 0, 56.746
59, 66, 1023, 0, 56.753
59, 65, 1023, 0, 56.760
59, 65, 1023, 0, 56.768
59, 65, 1023, 0, 56.777
59, 65, 1023, 0, 56.783
59, 65, 1023, 0, 56.791
59, 65, 1023, 0, 56.799
59, 65, 1023, 0, 56.806
59, 65, 1023, 0, 56.814
59, 65, 1023, 0, 56.823
59, 65, 1023, 0, 56.829
59, 65, 1023, 0, 56.837
59, 65, 1023, 0, 56.846
59, 65, 1023, 0, 56.852
59, 65, 1023, 0, 56.860
59, 65, 1023, 0, 56.868
59, 65, 1023, 0, 56.875
59, 65, 1023, 0, 56.883
59, 65, 1023, 0, 56.891
59, 65, 1023, 0, 56.898
59, 65, 1023, 0, 56.906
59, 65, 1023, 0, 56.914
59, 65, 1023, 0, 56.921
59, 65, 1023, 0, 56.929
59, 65, 1023, 0, 56.938
59, 65, 1023, 0, 56.945
59, 65, 1023, 0, 56.952
59, 65, 1023, 0, 56.960
59, 65, 1023, 0, 56.968
59, 65, 1023, 0, 56.977
59, 65, 1023, 0, 56.983
59, 65, 1023, 0, 56.990
59, 65, 1023, 0, 56.998
59, 65, 1023, 0, 57.006
59, 65, 1023, 0, 57.015
59, 65, 1023, 0, 57.022
59, 65, 1023, 0, 57.029
59, 65, 1023, 0, 57.037
59, 65, 1023, 0, 57.044
59, 65, 1023, 0, 57.052
59, 65, 1023, 0, 57.060
59, 65, 1023, 0, 57.067
59, 65, 1023, 0, 57.076
59, 65, 1023, 0, 57.083
59, 65, 1023, 0, 57.090
59, 65, 1023, 0, 57.098
59, 65, 1023, 0, 57.106
59, 65, 1023, 0, 57.113
59, 65, 1023, 0, 57.121
59, 65, 1023, 0, 57.129
59, 65, 1023, 0, 57.136
59, 65, 1023, 0, 57.144
59, 65, 1023, 0, 57.152
59, 65, 1023, 0, 57.159
59, 65, 1023, 0, 57.167
59, 65, 1023, 0, 57.175
59, 65, 1023, 0, 57.182
59, 65, 1023, 0, 57.190
59, 65, 1023, 0, 57.198
59, 65, 1023, 0, 57.205
59, 65, 1023, 0, 57.213
59, 65, 1023, 0, 57.221
59, 65, 1023, 0, 57.228
59, 65, 1023, 0, 57.235
59, 65, 1023, 0, 57.244
59, 65, 1023, 0, 57.251
59, 65, 1023, 0, 57.259
59, 65, 1023, 0, 57.267
59, 65, 1023, 0, 57.274
59, 65, 1023, 0, 57.282
59, 65, 1023, 0, 57.290
59, 65, 1023, 0, 57.297
59, 65, 1023, 0, 57.305
59, 65, 1023, 0, 57.313
59, 65, 1023, 0, 57.320
59, 65, 1023, 0, 57.328
59, 65, 1010, 0, 57.336
59, 65, 1010, 0, 57.344
59, 65, 1010, 0, 57.351
59, 65, 1010, 0, 57.359
59, 65, 1010, 0, 57.367
59, 65, 1010, 0, 57.374
59, 65, 1010, 0, 57.382
59, 65, 998, 0, 57.389
59, 65, 998, 0, 57.397
59, 65, 998, 0, 57.405
59, 65, 998, 0, 57.413
59, 65, 998, 0, 57.420
59, 65, 998, 0, 57.428
59, 65, 998, 0, 57.436
59, 65, 998, 0, 57.443
59, 65, 998, 0, 57.451
59, 65, 998, 0, 57.459
59, 65, 998, 0, 57.466
59, 65, 998, 0, 57.474
59, 65, 998, 0, 57.482
59, 65, 998, 0, 57.489
59, 65, 998, 0, 57.497
59, 65, 998, 0, 57.505
59, 65, 998, 0, 57.513
59, 65, 998, 0, 57.520
59, 65, 998, 0, 57.529
59, 65, 998, 0, 57.536
59, 65, 998, 0, 57.544
59, 65, 998, 0, 57.551
59, 65, 998, 0, 57.559
59, 65, 998, 0, 57.566
59, 65, 998, 0, 57.574
59, 65, 998, 0, 57.581
59, 65, 998, 0, 57.589
59, 65, 998, 0, 57.597
59, 65, 998, 0, 57.605
59, 65, 998, 0, 57.612
59, 65, 998, 0, 57.620
59, 65, 998, 0, 57.627
59, 65, 998, 0, 57.635
59, 65, 998, 0, 57.644
59, 65, 998, 0, 57.650
59, 65, 998, 0, 57.658
59, 65, 998, 0, 57.666
59, 65, 998, 0, 57.673
59, 65, 998, 0, 57.681
59, 65, 998, 0, 57.690
59, 65, 998, 0, 57.696
59, 65, 998, 0, 57.705
59, 65, 998, 0, 57.713
59, 65, 998, 0, 57.719
59, 65, 998, 0, 57.728
59, 65, 998, 0, 57.735
59, 65, 998, 0, 57.743
59, 65, 998, 0, 57.750
59, 65, 998, 0, 57.760
59, 65, 998, 0, 57.766
59, 65, 998, 0, 57.773
59, 65, 998, 0, 57.781
59, 65, 998, 0, 57.789
59, 65, 998, 0, 57.797
59, 65, 998, 0, 57.806
59, 65, 998, 0, 57.813
59, 65, 998, 0, 57.820
59, 65, 998, 0, 57.828
59, 65, 998, 0, 57.836
59, 65, 998, 0, 57.843
59, 65, 998, 0, 57.851
59, 65, 998, 0, 57.858
59, 65, 998, 0, 57.866
59, 65, 998, 0, 57.873
59, 65, 998, 0, 57.882
59, 65, 998, 0, 57.888
59, 65, 998, 0, 57.896
59, 65, 998, 0, 57.905
59, 65, 998, 0, 57.912
59, 65, 998, 0, 57.920
59, 65, 998, 0, 57.927
59, 65, 998, 0, 57.936
59, 65, 998, 0, 57.943
59, 65, 998, 0, 57.951
59, 65, 998, 0, 57.958
59, 65, 998, 0, 57.967
59, 65, 998, 0, 57.974
59, 65, 998, 0, 57.981
59, 65, 998, 0, 57.988
59, 65, 998, 0, 57.997
59, 65, 998, 0, 58.005
59, 65, 998, 0, 58.012
59, 65, 998, 0, 58.019
59, 65, 998, 0, 58.027
59, 65, 998, 0, 58.035
59, 65, 998, 0, 58.043
59, 65, 998, 0, 58.050
59, 65, 998, 0, 58.058
59, 65, 998, 0, 58.066
59, 65, 998, 0, 58.074
59, 65, 998, 0, 58.081
59, 65, 998, 0, 58.088
59, 65, 998, 0, 58.097
59, 65, 998, 0, 58.104
59, 65, 998, 0, 58.111
59, 65, 998, 0, 58.119
59, 65, 998, 0, 58.127
59, 65, 998, 0, 58.135
59, 65, 998, 0, 58.141
59, 65, 998, 0, 58.150
59, 65, 998, 0, 58.158
59, 65, 998, 0, 58.166
59, 65, 998, 0, 58.173
59, 65, 998, 0, 58.181
59, 65, 998, 0, 58.189
59, 65, 998, 0, 58.197
59, 65, 998, 0, 58.203
59, 65, 998, 0, 58.212
59, 65, 998, 0, 58.219
59, 65, 998, 0, 58.227
59, 65, 998, 0, 58.234
59, 65, 998, 0, 58.242
59, 65, 998, 0, 58.250
59, 65, 998, 0, 58.259
59, 65, 998, 0, 58.265
59, 65, 998, 0, 58.273
59, 65, 998, 0, 58.281
59, 65, 998, 0, 58.287
59, 65, 998, 0, 58.296
59, 65, 998, 0, 58.304
59, 65, 998, 0, 58.311
59, 65, 998, 0, 58.318
59, 65, 998, 0, 58.327
59, 65, 998, 0, 58.334
59, 65, 998, 0, 58.342
59, 65, 998, 0, 58.350
59, 65, 998, 0, 58.358
59, 65, 998, 0, 58.364
59, 65, 998, 0, 58.372
59, 65, 998, 0, 58.379
59, 65, 998, 0, 58.387
59, 65, 998, 0, 58.395
59, 65, 998, 0, 58.403
59, 65, 998, 0, 58.410
59, 65, 998, 0, 58.418
59, 65, 998, 0, 58.427
59, 65, 998, 0, 58.434
59, 65, 998, 0, 58.442
59, 65, 998, 0, 58.450
59, 65, 998, 0, 58.457
59, 65, 998, 0, 58.465
59, 65, 998, 0, 58.472
59, 65, 998, 0, 58.480
59, 65, 998, 0, 58.487
59, 65, 998, 0, 58.495
59, 65, 998, 0, 58.503
59, 65, 998, 0, 58.511
59, 65, 998, 0, 58.519
59, 65, 998, 0, 58.527
59, 65, 998, 0, 58.534
59, 65, 998, 0, 58.541
59, 65, 998, 0, 58.548
59, 65, 998, 0, 58.556
59, 65, 998, 0, 58.565
59, 65, 998, 0, 58.571
59, 65, 998, 0, 58.580
59, 65, 998, 0, 58.587
59, 65, 998, 0, 58.595
59, 65, 998, 0, 58.603
59, 65, 998, 0, 58.610
59, 65, 998, 0, 58.617
59, 65, 998, 0, 58.626
59, 65, 998, 0, 58.634
59, 65, 998, 0, 58.641
59, 65, 998, 0, 58.649
59, 65, 998, 0, 58.657
59, 65, 998, 0, 58.664
59, 65, 998, 0, 58.672
59, 65, 998, 0, 58.680
59, 65, 998, 0, 58.688
59, 65, 998, 0, 58.695
59, 65, 998, 0, 58.702
59, 65, 998, 0, 58.711
59, 65, 998, 0, 58.717
59, 65, 998, 0, 58.725
59, 65, 998, 0, 58.733
59, 65, 998, 0, 58.740
59, 65, 998, 0, 58.748
59, 65, 998, 0, 58.755
59, 65, 998, 0, 58.763
59, 65, 998, 0, 58.771
59, 65, 998, 0, 58.779
59, 65, 998, 0, 58.787
59, 65, 998, 0, 58.795
59, 65, 998, 0, 58.802
59, 65, 998, 0, 58.810
59, 65, 998, 0, 58.818
59, 65, 998, 0, 58.825
59, 65, 998, 0, 58.833
59, 65, 998, 0, 58.840
59, 65, 998, 0, 58.849
59, 65, 998, 0, 58.855
59, 65, 998, 0, 58.863
59, 65, 998, 0, 58.871
59, 65, 998, 0, 58.879
59, 65, 998, 0, 58.887
59, 65, 998, 0, 58.895
59, 65, 998, 0, 58.902
59, 65, 998, 0, 58.909
59, 65, 998, 0, 58.917
59, 65, 998, 0, 58.925
59, 65, 998, 0, 58.933
59, 65, 998, 0, 58.940
59, 65, 998, 0, 58.948
59, 65, 998, 0, 58.956
59, 65, 998, 0, 58.963
59, 65, 998, 0, 58.970
59, 65, 998, 0, 58.978
59, 65, 998, 0, 58.987
59, 65, 998, 0, 58.994
59, 65, 1010, 0, 59.002
59, 65, 998, 0, 59.010
59, 65, 998, 0, 59.017
59, 65, 1010, 0, 59.025
59, 65, 998, 0, 59.033
59, 65, 998, 0, 59.040
59, 65, 998, 0, 59.048
59, 65, 1010, 0, 59.056
59, 65, 1010, 0, 59.064
59, 65, 1010, 0, 59.071
59, 65, 1010, 0, 59.079
59, 65, 1010, 0, 59.087
59, 65, 1010, 0, 59.094
59, 65, 1010, 0, 59.102
59, 65, 1010, 0, 59.109
59, 65, 1010, 0, 59.117
59, 65, 1010, 0, 59.124
59, 65, 1010, 0, 59.131
59, 65, 1010, 0, 59.139
59, 65, 1010, 0, 59.148
59, 65, 1010, 0, 59.155
59, 65, 1010, 0, 59.163
59, 65, 1023, 0, 59.171
59, 65, 1023, 0, 59.178
59, 65, 1023, 0, 59.186
59, 65, 1010, 0, 59.194
59, 65, 1010, 0, 59.201
59, 65, 1010, 0, 59.209
59, 65, 1010, 0, 59.216
59, 65, 998, 0, 59.225
59, 65, 998, 0, 59.232
59, 65, 998, 0, 59.240
59, 65, 998, 0, 59.248
59, 65, 998, 0, 59.255
59, 65, 998, 0, 59.263
59, 65, 998, 0, 59.271
59, 65, 1010, 0, 59.278
59, 65, 998, 0, 59.286
59, 65, 998, 0, 59.293
59, 65, 998, 0, 59.301
59, 65, 998, 0, 59.309
59, 65, 998, 0, 59.316
59, 65, 998, 0, 59.323
59, 65, 998, 0, 59.332
59, 65, 998, 0, 59.339
59, 65, 998, 0, 59.348
59, 65, 998, 0, 59.354
59, 65, 998, 0, 59.363
59, 65, 998, 0, 59.369
59, 65, 998, 0, 59.378
59, 65, 998, 0, 59.386
59, 65, 998, 0, 59.393
59, 65, 998, 0, 59.401
59, 65, 998, 0, 59.409
59, 65, 998, 0, 59.417
59, 65, 998, 0, 59.424
59, 65, 998, 0, 59.432
59, 65, 998, 0, 59.438
59, 65, 998, 0, 59.447
59, 65, 998, 0, 59.455
59, 65, 998, 0, 59.461
59, 65, 998, 0, 59.470
59, 65, 998, 0, 59.477
59, 65, 998, 0, 59.486
59, 65, 998, 0, 59.493
59, 65, 998, 0, 59.501
59, 65, 986, 0, 59.508
59, 65, 986, 0, 59.516
59, 65, 986, 0, 59.524
59, 65, 978, 0, 59.532
59, 65, 978, 0, 59.539
59, 65, 978, 0, 59.546
59, 65, 978, 0, 59.554
59, 65, 978, 0, 59.561
59, 65, 978, 0, 59.569
59, 65, 978, 0, 59.577
59, 65, 978, 0, 59.585
59, 65, 978, 0, 59.593
59, 65, 978, 0, 59.601
59, 65, 978, 0, 59.608
59, 65, 978, 0, 59.616
59, 65, 978, 0, 59.623
59, 65, 978, 0, 59.631
59, 65, 978, 0, 59.639
59, 65, 978, 0, 59.647
59, 65, 978, 0, 59.654
59, 65, 978, 0, 59.662
59, 65, 978, 0, 59.670
59, 65, 978, 0, 59.677
59, 65, 978, 0, 59.685
59, 65, 978, 0, 59.692
59, 65, 978, 0, 59.700
59, 65, 978, 0, 59.707
59, 65, 978, 0, 59.715
59, 65, 978, 0, 59.722
59, 65, 978, 0, 59.730
59, 65, 978, 0, 59.739
59, 65, 978, 0, 59.746
59, 65, 978, 0, 59.754
59, 65, 978, 0, 59.761
59, 65, 978, 0, 59.768
59, 65, 978, 0, 59.776
59, 65, 978, 0, 59.785
59, 65, 978, 0, 59.791
59, 65, 978, 0, 59.800
59, 65, 978, 0, 59.807
59, 65, 978, 0, 59.816
59, 65, 978, 0, 59.822
59, 65, 978, 0, 59.832
59, 65, 978, 0, 59.838
59, 65, 978, 0, 59.846
59, 65, 978, 0, 59.854
59, 65, 978, 0, 59.861
59, 65, 978, 0, 59.868
59, 65, 978, 0, 59.877
59, 65, 978, 0, 59.885
59, 65, 978, 0, 59.892
59, 65, 978, 0, 59.899
59, 65, 978, 0, 59.908
59, 65, 978, 0, 59.915
59, 65, 978, 0, 59.922
59, 65, 978, 0, 59.930
59, 66, 978, 0, 59.938
59, 66, 978, 0, 59.946
59, 66, 978, 0, 59.953
59, 66, 978, 0, 59.961
59, 66, 978, 0, 59.969
59, 66, 978, 0, 59.977
59, 66, 978, 0, 59.984
59, 66, 978, 0, 59.991
59, 66, 978, 0, 00.000
59, 66, 978, 0, 00.007
59, 66, 978, 0, 00.015
59, 66, 978, 0, 00.022
59, 66, 978, 0, 00.029
59, 66, 978, 0, 00.038
59, 66, 978, 0, 00.046
59, 66, 978, 0, 00.053
59, 66, 978, 0, 00.061
59, 66, 978, 0, 00.068
59, 66, 966, 0, 00.076
59, 66, 966, 0, 00.083
59, 66, 966, 0, 00.092
59, 66, 954, 0, 00.099
59, 66, 954, 0, 00.107
59, 66, 954, 0, 00.115
59, 66, 954, 0, 00.122
59, 66, 954, 0, 00.130
59, 66, 946, 0, 00.138
59, 66, 946, 0, 00.146
59, 66, 946, 0, 00.153
59, 66, 946, 0, 00.161
59, 66, 934, 0, 00.167
59, 66, 934, 0, 00.176
59, 66, 934, 0, 00.183
59, 67, 934, 0, 00.191
59, 67, 934, 0, 00.199
59, 67, 934, 0, 00.207
59, 67, 934, 0, 00.214
59, 67, 934, 0, 00.222
59, 67, 934, 0, 00.230
59, 67, 922, 0, 00.236
59, 67, 922, 0, 00.244
59, 67, 922, 0, 00.253
59, 67, 922, 0, 00.259
59, 67, 922, 0, 00.268
59, 68, 922, 0, 00.276
59, 68, 922, 0, 00.284
59, 68, 922, 0, 00.291
59, 68, 910, 0, 00.299
59, 68, 910, 0, 00.307
59, 68, 910, 0, 00.314
59, 68, 910, 0, 00.322
59, 68, 910, 0, 00.329
59, 68, 910, 0, 00.337
59, 68, 910, 0, 00.345
59, 68, 910, 0, 00.353
59, 68, 910, 0, 00.360
59, 68, 910, 0, 00.367
59, 68, 910, 0, 00.376
59, 68, 910, 0, 00.383
59, 68, 910, 0, 00.391
59, 68, 910, 0, 00.398
59, 68, 910, 0, 00.405
59, 68, 910, 0, 00.414
59, 68, 910, 0, 00.422
59, 68, 910, 0, 00.429
59, 68, 910, 0, 00.436
59, 68, 910, 0, 00.445
59, 68, 910, 0, 00.451
59, 68, 910, 0, 00.459
59, 68, 910, 0, 00.467
59, 68, 910, 0, 00.475
59, 68, 910, 0, 00.483
59, 68, 910, 0, 00.491
59, 68, 910, 0, 00.498
59, 68, 910, 0, 00.506
59, 68, 910, 0, 00.514
59, 68, 910, 0, 00.521
59, 68, 910, 0, 00.529
59, 68, 910, 0, 00.537
59, 69, 910, 0, 00.545
59, 69, 910, 0, 00.552
59, 69, 910, 0, 00.560
59, 69, 910, 0, 00.566
59, 69, 910, 0, 00.575
59, 69, 910, 0, 00.583
59, 69, 902, 0, 00.590
59, 69, 902, 0, 00.598
59, 69, 902, 0, 00.606
59, 69, 890, 0, 00.613
59, 69, 890, 0, 00.621
59, 69, 878, 0, 00.629
59, 69, 878, 0, 00.637
59, 69, 870, 0, 00.644
59, 69, 870, 0, 00.652
59, 69, 870, 0, 00.660
59, 70, 870, 0, 00.667
59, 70, 858, 0, 00.675
59, 70, 858, 0, 00.683
59, 70, 858, 0, 00.689
59, 70, 846, 0, 00.698
59, 70, 846, 0, 00.706
59, 70, 846, 0, 00.713
59, 70, 846, 0, 00.720
59, 70, 846, 0, 00.728
59, 70, 846, 0, 00.736
59, 70, 834, 0, 00.744
59, 70, 834, 0, 00.752
59, 70, 834, 0, 00.758
59, 70, 834, 0, 00.767
59, 71, 834, 0, 00.774
59, 71, 826, 0, 00.782
59, 71, 826, 0, 00.790
59, 71, 826, 0, 00.797
59, 71, 814, 0, 00.806
59, 71, 814, 0, 00.813
59, 71, 802, 0, 00.820
59, 71, 802, 0, 00.828
59, 71, 802, 0, 00.836
59, 71, 802, 0, 00.844
59, 71, 802, 0, 00.850
59, 71, 802, 0, 00.859
59, 71, 802, 0, 00.867
59, 71, 802, 0, 00.874
59, 71, 794, 0, 00.882
59, 71, 794, 0, 00.890
59, 71, 794, 0, 00.897
59, 71, 782, 0, 00.905
59, 71, 770, 0, 00.913
59, 71, 758, 0, 00.920
59, 71, 750, 0, 00.927
59, 71, 738, 0, 00.935
59, 71, 726, 0, 00.944
59, 71, 706, 0, 00.950
59, 71, 682, 0, 00.958
59, 71, 649, 0, 00.966
59, 71, 617, 0, 00.973
59, 71, 573, 0, 00.982
59, 71, 521, 0, 00.989
59, 72, 453, 0, 00.996
59, 72, 377, 0, 01.004
59, 72, 300, 0, 01.013
59, 72, 224, 0, 01.020
59, 72, 140, 0, 01.028
59, 72, 64, 0, 01.035
59, 72, 0, 0, 01.043
60, 72, 0, 0, 01.050
60, 72, 0, 0, 01.059
60, 72, 0, 8595, 01.067
60, 72, 0, 8611, 01.074
60, 72, 0, 8627, 01.081
60, 71, 0, 8836, 01.088
60, 70, 0, 9364, 01.096
60, 69, 0, 10372, 01.106
60, 68, 0, 11557, 01.111
60, 67, 0, 12485, 01.120
60, 65, 0, 13318, 01.127
60, 63, 0, 14054, 01.136
60, 62, 0, 14486, 01.143
60, 61, 0, 14886, 01.151
61, 60, 0, 14982, 01.157
61, 59, 0, 15030, 01.166
62, 59, 0, 15014, 01.174
62, 58, 0, 15062, 01.181
63, 58, 0, 15110, 01.189
64, 59, 0, 15238, 01.197
64, 59, 0, 15431, 01.204
65, 60, 0, 15575, 01.212
66, 61, 0, 15799, 01.219
66, 63, 0, 16423, 01.228
67, 65, 0, 17287, 01.235
67, 68, 0, 17704, 01.243
68, 71, 0, 18024, 01.250
68, 75, 0, 18120, 01.259
69, 79, 0, 18200, 01.266
69, 83, 0, 18184, 01.274
69, 88, 0, 18264, 01.281
70, 93, 0, 18200, 01.289
70, 98, 0, 18120, 01.297
70, 102, 0, 17608, 01.304
70, 106, 0, 17480, 01.311
71, 109, 0, 17480, 01.320
71, 111, 0, 17560, 01.326
71, 112, 0, 17560, 01.334
71, 113, 0, 17736, 01.342
71, 113, 0, 18120, 01.351
71, 113, 0, 18920, 01.359
71, 113, 0, 19432, 01.366
71, 113, 0, 19352, 01.373
71, 112, 0, 19304, 01.381
71, 110, 0, 19336, 01.389
71, 108, 0, 19384, 01.396
71, 105, 0, 19464, 01.405
71, 102, 0, 19448, 01.411
71, 99, 0, 19432, 01.419
71, 95, 0, 19544, 01.427
72, 91, 0, 19785, 01.435
73, 89, 0, 19801, 01.442
73, 87, 0, 20025, 01.450
74, 85, 0, 20105, 01.458
75, 85, 0, 20153, 01.466
76, 85, 0, 20233, 01.473
78, 86, 0, 20329, 01.481
79, 88, 0, 20505, 01.488
80, 90, 0, 20649, 01.497
81, 92, 0, 20617, 01.504
83, 94, 0, 20537, 01.511
84, 96, 0, 20393, 01.519
84, 98, 0, 20233, 01.527
85, 100, 0, 19833, 01.534
86, 102, 0, 19721, 01.541
86, 103, 0, 19640, 01.549
87, 104, 0, 19608, 01.558
87, 104, 0, 19480, 01.565
87, 103, 0, 19176, 01.573
87, 101, 0, 19224, 01.580
87, 99, 0, 19448, 01.588
87, 96, 0, 19705, 01.595
87, 92, 0, 19849, 01.604
87, 88, 0, 20009, 01.611
86, 84, 0, 20313, 01.619
86, 80, 0, 20761, 01.626
86, 77, 0, 21017, 01.634
86, 74, 0, 20953, 01.642
86, 72, 0, 20937, 01.649
86, 71, 0, 20953, 01.657
87, 70, 0, 20713, 01.665
87, 71, 0, 19624, 01.672
88, 72, 0, 19016, 01.680
88, 73, 0, 18424, 01.688
89, 74, 0, 17303, 01.696
89, 75, 0, 16631, 01.703
90, 76, 0, 16615, 01.710
90, 76, 0, 16647, 01.719
91, 75, 0, 16631, 01.727
91, 74, 0, 16983, 01.733
91, 72, 0, 17544, 01.742
92, 69, 0, 18200, 01.748
92, 67, 0, 18680, 01.756
92, 64, 0, 19192, 01.765
92, 61, 0, 19576, 01.772
92, 59, 0, 19689, 01.780
92, 57, 0, 19721, 01.788
92, 56, 0, 19737, 01.794
92, 55, 0, 19608, 01.803
93, 54, 0, 19032, 01.811
93, 54, 0, 17095, 01.818
93, 55, 0, 14934, 01.826
93, 56, 0, 12741, 01.834
93, 57, 0, 9796, 01.841
93, 59, 0, 5698, 01.849
93, 59, 0, 0, 01.856
92, 65, 76, 0, 01.865
92, 69, 152, 0, 01.872
92, 73, 240, 0, 01.880
92, 76, 316, 0, 01.886
92, 80, 361, 0, 01.895
93, 83, 349, 0, 01.903
93, 86, 272, 0, 01.910
93, 88, 172, 0, 01.917
94, 89, 64, 0, 01.926
94, 90, 0, 0, 01.932
94, 91, 0, 0, 01.941
94, 91, 0, 23274, 01.948
94, 91, 0, 23354, 01.956
94, 91, 0, 23738, 01.964
94, 91, 0, 23450, 01.972
94, 91, 0, 23082, 01.979
94, 90, 0, 22746, 01.987
94, 89, 0, 22394, 01.995
94, 87, 0, 21785, 02.003
94, 85, 0, 20425, 02.010
94, 83, 0, 17480, 02.018
95, 81, 0, 12069, 02.026
95, 80, 0, 6306, 02.033
95, 80, 0, 0, 02.041
96, 77, 8, 0, 02.049
96, 75, 8, 0, 02.055
96, 74, 0, 0, 02.064
97, 72, 0, 0, 02.072
97, 70, 0, 0, 02.079
97, 67, 0, 9908, 02.087
98, 65, 0, 12613, 02.095
98, 62, 0, 14662, 02.102
98, 59, 0, 15783, 02.109
99, 57, 0, 16471, 02.117
99, 55, 0, 17239, 02.125
100, 54, 0, 17784, 02.133
100, 54, 0, 17768, 02.140
101, 54, 0, 17704, 02.148
101, 55, 0, 17848, 02.155
102, 56, 0, 17880, 02.163
102, 58, 0, 17992, 02.170
103, 60, 0, 17992, 02.179
103, 63, 0, 18008, 02.186
104, 66, 0, 17688, 02.195
104, 70, 0, 17095, 02.202
105, 73, 0, 15959, 02.209
105, 77, 0, 14278, 02.218
106, 81, 0, 12581, 02.225
107, 85, 0, 12453, 02.233
108, 87, 0, 12917, 02.240
108, 89, 0, 13782, 02.248
109, 91, 0, 14598, 02.255
110, 92, 0, 15286, 02.264
110, 92, 0, 15575, 02.270
110, 91, 0, 15495, 02.278
111, 90, 0, 15751, 02.287
111, 88, 0, 16519, 02.294
111, 85, 0, 17079, 02.302
111, 83, 0, 17496, 02.308
111, 79, 0, 18008, 02.317
111, 76, 0, 18520, 02.325
111, 73, 0, 18728, 02.332
112, 71, 0, 18904, 02.339
112, 69, 0, 19064, 02.348
112, 68, 0, 19064, 02.356
113, 67, 0, 18936, 02.363
114, 67, 0, 18488, 02.371
114, 68, 0, 17512, 02.378
115, 69, 0, 16055, 02.386
115, 71, 0, 13093, 02.394
116, 73, 0, 9988, 02.401
116, 75, 0, 7507, 02.409
116, 77, 0, 6755, 02.416
117, 79, 0, 7315, 02.425
117, 80, 0, 9396, 02.432
118, 80, 0, 11141, 02.440
118, 80, 0, 11829, 02.448
118, 78, 0, 12453, 02.455
119, 76, 0, 14134, 02.463
119, 74, 0, 15719, 02.471
119, 71, 0, 16631, 02.478
119, 68, 0, 18040, 02.487
119, 65, 0, 18984, 02.494
119, 63, 0, 19080, 02.501
119, 61, 0, 19048, 02.508
119, 60, 0, 19080, 02.517
119, 59, 0, 19160, 02.524
119, 59, 0, 19176, 02.532
119, 59, 0, 18920, 02.540
119, 60, 0, 19112, 02.549
119, 62, 0, 19448, 02.555
119, 64, 0, 19480, 02.563
118, 67, 0, 19288, 02.570
117, 71, 0, 18424, 02.577
117, 75, 0, 17367, 02.585
116, 79, 0, 15831, 02.593
115, 83, 0, 14854, 02.601
115, 87, 0, 14406, 02.609
114, 91, 0, 14518, 02.617
114, 94, 0, 15303, 02.623
114, 96, 0, 16423, 02.632
115, 98, 0, 16983, 02.638
115, 99, 0, 17496, 02.647
116, 100, 0, 18312, 02.655
118, 101, 0, 19096, 02.663
119, 101, 0, 19656, 02.670
122, 102, 0, 19897, 02.678
124, 103, 0, 19977, 02.685
127, 104, 0, 18472, 02.693
130, 105, 0, 10228, 02.701
130, 105, 0, 0, 02.708
134, 108, 132, 0, 02.716
136, 109, 288, 0, 02.724
137, 110, 465, 0, 02.731
137, 111, 653, 0, 02.739
137, 111, 810, 0, 02.747
137, 111, 930, 0, 02.754
137, 111, 1023, 0, 02.762
137, 111, 1023, 0, 02.775
137, 111, 1023, 0, 02.782
137, 111, 1023, 0, 02.799
137, 111, 1023, 0, 02.806
137, 111, 1023, 0, 02.813
137, 111, 1023, 0, 02.820
137, 111, 1023, 0, 02.826
137, 111, 1023, 0, 02.833
137, 111, 1023, 0, 02.838
137, 111, 1023, 0, 02.846
137, 111, 1023, 0, 02.853
137, 111, 1023, 0, 02.859
137, 111, 1023, 0, 02.865
