57, 63, 1023, 0, 35.759
57, 62, 1023, 0, 35.760
57, 62, 1023, 0, 35.761
57, 62, 1023, 0, 35.764
57, 62, 1023, 0, 35.772
57, 62, 1023, 0, 35.781
57, 62, 1023, 0, 35.789
57, 62, 1023, 0, 35.795
57, 62, 1023, 0, 35.804
57, 62, 1023, 0, 35.811
57, 62, 1023, 0, 35.820
57, 62, 1023, 0, 35.828
57, 62, 1023, 0, 35.834
57, 62, 1023, 0, 35.841
57, 62, 1023, 0, 35.850
57, 62, 1023, 0, 35.858
57, 62, 1023, 0, 35.866
57, 62, 1023, 0, 35.873
57, 62, 1023, 0, 35.882
57, 62, 1023, 0, 35.889
57, 62, 1023, 0, 35.897
57, 62, 1023, 0, 35.904
57, 62, 1023, 0, 35.911
57, 62, 1023, 0, 35.919
57, 62, 1023, 0, 35.927
57, 62, 1023, 0, 35.935
57, 62, 1023, 0, 35.942
57, 62, 1023, 0, 35.949
57, 62, 1023, 0, 35.956
57, 62, 1023, 0, 35.965
57, 62, 1023, 0, 35.973
57, 62, 1023, 0, 35.980
57, 62, 1023, 0, 35.987
57, 62, 1023, 0, 35.996
57, 62, 1023, 0, 36.003
57, 62, 1023, 0, 36.012
57, 62, 1023, 0, 36.019
57, 62, 1023, 0, 36.027
57, 62, 1023, 0, 36.034
57, 62, 1023, 0, 36.042
57, 62, 1023, 0, 36.049
57, 62, 1023, 0, 36.057
57, 62, 1023, 0, 36.065
57, 62, 1023, 0, 36.072
57, 62, 1023, 0, 36.080
57, 62, 1023, 0, 36.088
57, 62, 1023, 0, 36.095
57, 62, 1023, 0, 36.103
57, 62, 1023, 0, 36.111
57, 62, 1023, 0, 36.119
57, 62, 1023, 0, 36.126
57, 62, 1023, 0, 36.134
57, 62, 1023, 0, 36.141
57, 62, 1023, 0, 36.149
57, 62, 1023, 0, 36.157
57, 62, 1023, 0, 36.166
57, 62, 1023, 0, 36.172
57, 62, 1023, 0, 36.180
57, 62, 1023, 0, 36.187
57, 62, 1023, 0, 36.195
57, 62, 1023, 0, 36.203
57, 62, 1023, 0, 36.211
57, 62, 1023, 0, 36.218
57, 62, 1023, 0, 36.226
57, 62, 1023, 0, 36.234
57, 62, 1023, 0, 36.240
57, 62, 1023, 0, 36.248
57, 62, 1023, 0, 36.257
57, 62, 1023, 0, 36.264
57, 62, 1023, 0, 36.272
57, 62, 1023, 0, 36.280
57, 62, 1023, 0, 36.286
57, 62, 1023, 0, 36.295
57, 62, 1023, 0, 36.303
57, 62, 1023, 0, 36.310
57, 62, 1023, 0, 36.318
57, 62, 1023, 0, 36.326
57, 62, 1023, 0, 36.333
57, 62, 1023, 0, 36.341
57, 62, 1023, 0, 36.349
57, 62, 1023, 0, 36.355
57, 62, 1023, 0, 36.363
57, 62, 1023, 0, 36.371
57, 62, 1023, 0, 36.378
57, 62, 1023, 0, 36.386
57, 62, 1023, 0, 36.394
57, 62, 1023, 0, 36.401
57, 62, 1023, 0, 36.409
56, 62, 1023, 0, 36.417
56, 61, 1023, 0, 36.424
56, 61, 1023, 0, 36.432
56, 61, 1023, 0, 36.440
56, 61, 1023, 0, 36.447
56, 61, 1023, 0, 36.455
56, 61, 1023, 0, 36.464
56, 61, 1023, 0, 36.471
56, 61, 1023, 0, 36.479
56, 61, 1023, 0, 36.487
56, 61, 1023, 0, 36.494
56, 61, 1023, 0, 36.502
56, 61, 1023, 0, 36.511
56, 61, 1023, 0, 36.518
56, 61, 1023, 0, 36.525
56, 61, 1023, 0, 36.533
56, 61, 1023, 0, 36.540
56, 61, 1023, 0, 36.548
56, 61, 1023, 0, 36.556
56, 61, 1023, 0, 36.564
56, 61, 1023, 0, 36.570
56, 61, 1023, 0, 36.579
56, 61, 1023, 0, 36.586
56, 61, 1023, 0, 36.594
56, 61, 1023, 0, 36.602
56, 61, 1023, 0, 36.610
56, 61, 1023, 0, 36.618
56, 61, 1023, 0, 36.625
56, 61, 1023, 0, 36.633
56, 61, 1023, 0, 36.640
56, 61, 1023, 0, 36.648
56, 61, 1023, 0, 36.656
56, 61, 1023, 0, 36.663
56, 61, 1023, 0, 36.671
56, 60, 1023, 0, 36.679
56, 60, 1023, 0, 36.686
56, 60, 1023, 0, 36.694
56, 60, 1023, 0, 36.701
56, 60, 1023, 0, 36.711
56, 60, 1023, 0, 36.717
56, 60, 1023, 0, 36.725
56, 60, 1023, 0, 36.732
56, 60, 1023, 0, 36.740
56, 60, 1023, 0, 36.748
56, 60, 1023, 0, 36.755
56, 60, 1023, 0, 36.762
56, 60, 1023, 0, 36.770
56, 60, 1023, 0, 36.779
56, 60, 1023, 0, 36.785
56, 60, 1023, 0, 36.794
56, 60, 1023, 0, 36.801
56, 60, 1023, 0, 36.810
56, 60, 1023, 0, 36.817
56, 60, 1023, 0, 36.824
56, 60, 1023, 0, 36.832
56, 60, 1023, 0, 36.840
56, 60, 1023, 0, 36.848
56, 60, 1023, 0, 36.855
56, 60, 1023, 0, 36.863
56, 60, 1023, 0, 36.871
56, 60, 1023, 0, 36.878
56, 60, 1023, 0, 36.886
56, 60, 1023, 0, 36.893
56, 60, 1023, 0, 36.901
56, 60, 1023, 0, 36.908
56, 60, 1023, 0, 36.917
56, 60, 1023, 0, 36.924
56, 60, 1023, 0, 36.932
56, 60, 1023, 0, 36.940
56, 60, 1023, 0, 36.948
56, 60, 1023, 0, 36.955
56, 60, 1023, 0, 36.962
56, 60, 1023, 0, 36.969
56, 60, 1023, 0, 36.978
56, 60, 1023, 0, 36.986
56, 60, 1023, 0, 36.993
56, 60, 1023, 0, 37.000
56, 60, 1023, 0, 37.010
56, 60, 1023, 0, 37.016
56, 60, 1023, 0, 37.024
56, 60, 1023, 0, 37.031
56, 60, 1023, 0, 37.039
56, 60, 1023, 0, 37.047
56, 60, 1023, 0, 37.055
56, 60, 1023, 0, 37.062
56, 60, 1023, 0, 37.071
56, 60, 1023, 0, 37.079
56, 60, 1023, 0, 37.085
56, 60, 1023, 0, 37.093
56, 60, 1023, 0, 37.101
56, 60, 1023, 0, 37.108
56, 60, 1023, 0, 37.116
56, 60, 1023, 0, 37.124
56, 60, 1023, 0, 37.131
56, 60, 1023, 0, 37.139
56, 60, 1023, 0, 37.147
56, 60, 1023, 0, 37.154
56, 60, 1023, 0, 37.163
56, 60, 1023, 0, 37.171
56, 60, 1023, 0, 37.177
56, 60, 1023, 0, 37.185
56, 60, 1023, 0, 37.193
56, 60, 1023, 0, 37.199
56, 60, 1023, 0, 37.208
56, 60, 1023, 0, 37.216
56, 60, 1023, 0, 37.224
56, 60, 1023, 0, 37.231
56, 60, 1023, 0, 37.239
56, 60, 1023, 0, 37.247
56, 60, 1023, 0, 37.254
56, 60, 1023, 0, 37.262
56, 60, 1023, 0, 37.270
56, 60, 1023, 0, 37.277
56, 60, 1023, 0, 37.285
56, 60, 1023, 0, 37.293
56, 60, 1023, 0, 37.301
56, 60, 1023, 0, 37.309
56, 60, 1023, 0, 37.315
56, 60, 1023, 0, 37.323
56, 60, 1023, 0, 37.332
56, 60, 1023, 0, 37.339
56, 60, 1023, 0, 37.346
56, 60, 1023, 0, 37.354
56, 60, 1023, 0, 37.362
56, 60, 1023, 0, 37.369
56, 60, 1023, 0, 37.377
56, 60, 1023, 0, 37.385
56, 60, 1023, 0, 37.392
56, 60, 1023, 0, 37.400
56, 60, 1023, 0, 37.408
56, 60, 1023, 0, 37.414
56, 60, 1023, 0, 37.423
56, 60, 1023, 0, 37.431
56, 60, 1023, 0, 37.437
56, 60, 1023, 0, 37.445
56, 60, 1023, 0, 37.454
56, 60, 1023, 0, 37.461
55, 60, 1023, 0, 37.469
55, 60, 1023, 0, 37.476
55, 60, 1023, 0, 37.485
55, 60, 1023, 0, 37.492
55, 60, 1023, 0, 37.500
55, 60, 1023, 0, 37.506
55, 60, 1023, 0, 37.515
55, 60, 1023, 0, 37.523
53, 59, 1023, 0, 37.530
53, 59, 1023, 0, 37.546
53, 60, 1023, 0, 37.552
53, 60, 1023, 0, 37.569
53, 59, 1023, 0, 37.576
53, 59, 1023, 0, 37.592
53, 59, 1023, 0, 37.601
53, 59, 1023, 0, 37.615
53, 60, 1023, 0, 37.623
53, 60, 1023, 0, 37.638
53, 60, 1023, 0, 37.645
53, 60, 1023, 0, 37.653
53, 60, 1023, 0, 37.669
53, 60, 1023, 0, 37.676
53, 60, 1023, 0, 37.684
53, 60, 1023, 0, 37.699
53, 60, 1023, 0, 37.707
52, 61, 1023, 0, 37.716
52, 61, 1023, 0, 37.730
52, 61, 1023, 0, 37.738
52, 62, 1023, 0, 37.745
52, 62, 1023, 0, 37.762
52, 62, 1023, 0, 37.769
52, 62, 1023, 0, 37.777
52, 62, 1023, 0, 37.791
52, 62, 1023, 0, 37.799
52, 62, 1023, 0, 37.807
52, 62, 1023, 0, 37.823
52, 62, 1023, 0, 37.831
52, 62, 1023, 0, 37.837
52, 62, 1023, 0, 37.845
52, 62, 1023, 0, 37.853
52, 62, 1023, 0, 37.860
52, 62, 1023, 0, 37.868
52, 62, 1023, 0, 37.875
52, 62, 1023, 0, 37.883
52, 62, 1023, 0, 37.891
52, 62, 1023, 0, 37.899
52, 62, 1023, 0, 37.907
52, 62, 1023, 0, 37.915
52, 62, 1023, 0, 37.922
52, 62, 1023, 0, 37.930
52, 62, 1023, 0, 37.937
52, 62, 1023, 0, 37.945
52, 62, 1023, 0, 37.952
52, 62, 1023, 0, 37.960
52, 62, 1023, 0, 37.968
52, 62, 1023, 0, 37.975
52, 62, 1023, 0, 37.983
52, 62, 1023, 0, 37.991
52, 62, 1023, 0, 37.999
52, 62, 1023, 0, 38.006
52, 62, 1023, 0, 38.014
52, 62, 1023, 0, 38.021
52, 62, 1023, 0, 38.029
52, 62, 1023, 0, 38.037
52, 62, 1023, 0, 38.044
52, 62, 1023, 0, 38.052
52, 62, 1023, 0, 38.060
52, 62, 1023, 0, 38.067
52, 62, 1023, 0, 38.076
52, 62, 1023, 0, 38.083
52, 62, 1023, 0, 38.092
52, 62, 1023, 0, 38.097
52, 62, 1023, 0, 38.105
52, 62, 1023, 0, 38.113
52, 62, 1023, 0, 38.120
52, 62, 1023, 0, 38.128
52, 62, 1023, 0, 38.137
52, 62, 1023, 0, 38.144
52, 62, 1023, 0, 38.152
52, 62, 1023, 0, 38.159
52, 62, 1023, 0, 38.168
52, 62, 1023, 0, 38.175
52, 62, 1023, 0, 38.183
52, 62, 1023, 0, 38.190
52, 62, 1023, 0, 38.198
52, 62, 1023, 0, 38.206
52, 62, 1023, 0, 38.213
51, 60, 1023, 0, 38.221
51, 60, 1023, 0, 38.237
51, 60, 1023, 0, 38.245
51, 61, 1023, 0, 38.252
51, 61, 1023, 0, 38.267
51, 61, 1023, 0, 38.275
51, 61, 1023, 0, 38.289
51, 61, 1023, 0, 38.298
51, 61, 1023, 0, 38.313
51, 61, 1023, 0, 38.321
51, 61, 1023, 0, 38.336
51, 61, 1023, 0, 38.344
51, 61, 1023, 0, 38.359
52, 61, 1023, 0, 38.367
52, 61, 1023, 0, 38.382
52, 61, 1023, 0, 38.399
52, 61, 1023, 0, 38.413
52, 61, 1023, 0, 38.421
52, 61, 1023, 0, 38.428
52, 61, 1023, 0, 38.435
52, 61, 1023, 0, 38.444
52, 61, 1023, 0, 38.451
52, 61, 1023, 0, 38.459
52, 60, 1023, 0, 38.467
52, 60, 1023, 0, 38.482
52, 60, 1023, 0, 38.491
52, 60, 1023, 0, 38.497
52, 60, 1023, 0, 38.505
52, 60, 1023, 0, 38.513
52, 60, 1023, 0, 38.519
52, 60, 1023, 0, 38.528
52, 60, 1023, 0, 38.536
52, 60, 1023, 0, 38.543
52, 59, 1023, 0, 38.551
52, 59, 1023, 0, 38.559
52, 59, 1023, 0, 38.567
52, 59, 1023, 0, 38.575
52, 59, 1023, 0, 38.583
52, 59, 1023, 0, 38.590
52, 59, 1023, 0, 38.598
52, 59, 1023, 0, 38.605
52, 59, 1023, 0, 38.612
52, 59, 1023, 0, 38.620
52, 59, 1023, 0, 38.629
52, 59, 1023, 0, 38.635
52, 59, 1023, 0, 38.643
52, 59, 1023, 0, 38.651
52, 59, 1023, 0, 38.658
52, 59, 1023, 0, 38.665
52, 59, 1023, 0, 38.674
52, 59, 1023, 0, 38.681
52, 59, 1023, 0, 38.690
52, 59, 1023, 0, 38.697
52, 59, 1023, 0, 38.704
52, 59, 1023, 0, 38.712
52, 59, 1023, 0, 38.720
52, 59, 1023, 0, 38.728
52, 59, 1023, 0, 38.735
52, 59, 1023, 0, 38.742
52, 59, 1023, 0, 38.750
52, 59, 1023, 0, 38.757
52, 59, 1023, 0, 38.766
52, 59, 1023, 0, 38.774
52, 59, 1023, 0, 38.781
52, 59, 1023, 0, 38.790
52, 59, 1023, 0, 38.797
52, 59, 1023, 0, 38.804
52, 59, 1023, 0, 38.811
52, 59, 1023, 0, 38.820
52, 59, 1023, 0, 38.826
52, 59, 1023, 0, 38.835
52, 59, 1023, 0, 38.843
52, 59, 1023, 0, 38.850
52, 59, 1023, 0, 38.858
52, 59, 1023, 0, 38.866
52, 59, 1023, 0, 38.873
52, 59, 1023, 0, 38.882
52, 59, 1023, 0, 38.890
52, 59, 1023, 0, 38.896
52, 59, 1023, 0, 38.905
52, 59, 1023, 0, 38.912
52, 59, 1023, 0, 38.920
52, 59, 1023, 0, 38.927
52, 59, 1023, 0, 38.935
53, 59, 1023, 0, 38.942
53, 59, 1023, 0, 38.952
53, 59, 1023, 0, 38.958
53, 59, 1023, 0, 38.965
53, 58, 1023, 0, 38.973
53, 58, 1023, 0, 38.982
53, 58, 1023, 0, 38.988
53, 58, 1023, 0, 38.997
53, 58, 1023, 0, 39.004
53, 58, 1023, 0, 39.012
53, 58, 1023, 0, 39.019
53, 58, 1023, 0, 39.027
53, 58, 1023, 0, 39.034
53, 58, 1023, 0, 39.042
53, 58, 1023, 0, 39.051
53, 58, 1023, 0, 39.058
53, 58, 1023, 0, 39.065
53, 58, 1023, 0, 39.073
53, 58, 1023, 0, 39.082
53, 58, 1023, 0, 39.089
53, 58, 1023, 0, 39.096
53, 58, 1023, 0, 39.103
53, 58, 1023, 0, 39.111
53, 58, 1023, 0, 39.119
53, 58, 1023, 0, 39.127
53, 58, 1023, 0, 39.134
53, 58, 1023, 0, 39.142
53, 58, 1023, 0, 39.150
53, 58, 1023, 0, 39.157
53, 58, 1023, 0, 39.165
53, 58, 1023, 0, 39.173
53, 58, 1023, 0, 39.179
53, 58, 1023, 0, 39.189
53, 58, 1023, 0, 39.197
53, 58, 1023, 0, 39.204
53, 58, 1023, 0, 39.212
53, 58, 1023, 0, 39.219
53, 58, 1023, 0, 39.226
53, 58, 1023, 0, 39.235
53, 58, 1023, 0, 39.242
53, 58, 1023, 0, 39.249
53, 58, 1023, 0, 39.258
53, 58, 1023, 0, 39.266
53, 58, 1023, 0, 39.272
53, 58, 1023, 0, 39.280
53, 58, 1023, 0, 39.289
53, 58, 1023, 0, 39.294
53, 58, 1023, 0, 39.303
53, 58, 1023, 0, 39.310
53, 58, 1023, 0, 39.319
53, 58, 1023, 0, 39.327
53, 58, 1023, 0, 39.334
53, 58, 1023, 0, 39.341
53, 58, 1023, 0, 39.351
53, 58, 1023, 0, 39.357
53, 58, 1023, 0, 39.364
53, 58, 1023, 0, 39.372
53, 58, 1023, 0, 39.379
53, 58, 1023, 0, 39.388
53, 58, 1023, 0, 39.395
53, 58, 1023, 0, 39.403
53, 58, 1023, 0, 39.410
53, 58, 1023, 0, 39.418
53, 58, 1023, 0, 39.426
53, 58, 1023, 0, 39.433
53, 58, 1023, 0, 39.442
53, 58, 1023, 0, 39.450
53, 58, 1023, 0, 39.457
53, 58, 1023, 0, 39.464
53, 58, 1023, 0, 39.472
53, 58, 1023, 0, 39.480
53, 58, 1023, 0, 39.487
53, 58, 1023, 0, 39.495
53, 58, 1023, 0, 39.504
53, 58, 1023, 0, 39.510
53, 58, 1023, 0, 39.518
53, 58, 1023, 0, 39.526
53, 58, 1023, 0, 39.533
53, 58, 1023, 0, 39.541
53, 58, 1023, 0, 39.549
53, 58, 1023, 0, 39.556
53, 58, 1023, 0, 39.565
53, 58, 1023, 0, 39.572
53, 58, 1023, 0, 39.580
53, 58, 1023, 0, 39.588
53, 58, 1023, 0, 39.595
53, 58, 1023, 0, 39.602
53, 58, 1023, 0, 39.610
53, 58, 1023, 0, 39.618
53, 58, 1023, 0, 39.625
53, 58, 1023, 0, 39.633
53, 58, 1023, 0, 39.641
53, 58, 1023, 0, 39.648
53, 58, 1023, 0, 39.656
53, 58, 1023, 0, 39.664
53, 58, 1023, 0, 39.671
53, 57, 1023, 0, 39.679
53, 57, 1023, 0, 39.687
53, 57, 1023, 0, 39.694
53, 57, 1023, 0, 39.701
53, 57, 1023, 0, 39.710
53, 57, 1023, 0, 39.717
53, 57, 1023, 0, 39.725
53, 57, 1023, 0, 39.733
53, 57, 1023, 0, 39.741
53, 57, 1023, 0, 39.748
53, 57, 1023, 0, 39.756
53, 57, 1023, 0, 39.763
53, 57, 1023, 0, 39.771
53, 57, 1023, 0, 39.780
53, 57, 1023, 0, 39.787
53, 57, 1023, 0, 39.794
53, 57, 1023, 0, 39.801
53, 57, 1023, 0, 39.810
53, 57, 1023, 0, 39.816
53, 57, 1023, 0, 39.824
53, 57, 1023, 0, 39.834
53, 57, 1023, 0, 39.840
53, 57, 1023, 0, 39.849
53, 57, 1023, 0, 39.855
53, 57, 1023, 0, 39.863
53, 57, 1023, 0, 39.871
53, 57, 1023, 0, 39.880
53, 57, 1023, 0, 39.886
53, 57, 1023, 0, 39.894
53, 57, 1023, 0, 39.901
53, 57, 1023, 0, 39.909
53, 57, 1023, 0, 39.917
53, 57, 1023, 0, 39.926
53, 57, 1023, 0, 39.932
53, 57, 1023, 0, 39.940
53, 57, 1023, 0, 39.948
53, 57, 1023, 0, 39.955
53, 57, 1023, 0, 39.964
53, 57, 1023, 0, 39.971
53, 57, 1023, 0, 39.979
53, 57, 1023, 0, 39.986
53, 57, 1023, 0, 39.995
53, 57, 1023, 0, 40.001
53, 57, 1023, 0, 40.009
53, 57, 1023, 0, 40.017
53, 57, 1023, 0, 40.023
53, 57, 1023, 0, 40.033
53, 57, 1023, 0, 40.040
53, 57, 1023, 0, 40.047
53, 57, 1023, 0, 40.056
53, 57, 1023, 0, 40.064
53, 57, 1023, 0, 40.070
53, 57, 1023, 0, 40.078
53, 57, 1023, 0, 40.086
53, 57, 1023, 0, 40.093
53, 57, 1023, 0, 40.101
53, 57, 1023, 0, 40.109
53, 57, 1023, 0, 40.117
53, 57, 1023, 0, 40.124
53, 57, 1023, 0, 40.132
53, 57, 1023, 0, 40.140
53, 57, 1023, 0, 40.147
53, 57, 1023, 0, 40.156
53, 57, 1023, 0, 40.162
53, 57, 1023, 0, 40.171
53, 57, 1023, 0, 40.178
53, 57, 1023, 0, 40.185
53, 57, 1023, 0, 40.193
53, 57, 1023, 0, 40.201
53, 57, 1023, 0, 40.209
53, 57, 1023, 0, 40.216
53, 57, 1023, 0, 40.224
53, 57, 1023, 0, 40.233
53, 57, 1023, 0, 40.240
53, 57, 1023, 0, 40.248
53, 57, 1023, 0, 40.254
53, 57, 1023, 0, 40.262
53, 57, 1023, 0, 40.270
53, 57, 1023, 0, 40.278
53, 57, 1023, 0, 40.285
53, 57, 1023, 0, 40.293
53, 57, 1023, 0, 40.302
53, 57, 1023, 0, 40.308
53, 57, 1023, 0, 40.317
53, 57, 1023, 0, 40.324
53, 57, 1023, 0, 40.331
53, 57, 1023, 0, 40.339
53, 57, 1023, 0, 40.347
53, 57, 1023, 0, 40.354
53, 57, 1023, 0, 40.362
53, 57, 1023, 0, 40.370
53, 57, 1023, 0, 40.378
53, 57, 1023, 0, 40.385
53, 57, 1023, 0, 40.393
53, 57, 1023, 0, 40.401
53, 57, 1023, 0, 40.408
53, 57, 1023, 0, 40.416
53, 57, 1023, 0, 40.423
53, 57, 1023, 0, 40.431
53, 57, 1023, 0, 40.439
53, 57, 1023, 0, 40.446
53, 57, 1023, 0, 40.454
53, 57, 1023, 0, 40.462
53, 57, 1023, 0, 40.468
53, 57, 1023, 0, 40.477
53, 57, 1023, 0, 40.484
53, 57, 1023, 0, 40.491
53, 57, 1023, 0, 40.500
53, 57, 1023, 0, 40.507
53, 57, 1023, 0, 40.514
53, 57, 1023, 0, 40.522
53, 57, 1023, 0, 40.530
53, 57, 1023, 0, 40.539
53, 57, 1023, 0, 40.546
53, 57, 1023, 0, 40.554
53, 57, 1023, 0, 40.561
53, 57, 1023, 0, 40.569
53, 57, 1023, 0, 40.577
53, 57, 1023, 0, 40.585
53, 57, 1023, 0, 40.593
53, 57, 1023, 0, 40.601
53, 57, 1023, 0, 40.608
53, 57, 1023, 0, 40.615
53, 57, 1023, 0, 40.624
53, 57, 1023, 0, 40.632
53, 57, 1023, 0, 40.638
53, 57, 1023, 0, 40.646
53, 57, 1023, 0, 40.654
53, 57, 1023, 0, 40.661
53, 57, 1023, 0, 40.668
53, 57, 1023, 0, 40.677
53, 57, 1023, 0, 40.685
53, 57, 1023, 0, 40.692
53, 57, 1023, 0, 40.700
53, 57, 1023, 0, 40.706
53, 57, 1023, 0, 40.715
53, 57, 1023, 0, 40.724
53, 57, 1023, 0, 40.730
53, 57, 1023, 0, 40.737
53, 57, 1023, 0, 40.746
53, 57, 1023, 0, 40.752
53, 57, 1023, 0, 40.761
53, 57, 1023, 0, 40.768
53, 57, 1023, 0, 40.777
53, 57, 1023, 0, 40.785
53, 57, 1023, 0, 40.792
53, 57, 1023, 0, 40.800
53, 57, 1023, 0, 40.808
53, 57, 1023, 0, 40.816
53, 57, 1023, 0, 40.822
53, 57, 1023, 0, 40.830
53, 57, 1023, 0, 40.838
53, 57, 1023, 0, 40.845
53, 57, 1023, 0, 40.853
53, 57, 1023, 0, 40.861
53, 57, 1023, 0, 40.869
53, 57, 1023, 0, 40.876
53, 57, 1023, 0, 40.885
53, 57, 1023, 0, 40.891
53, 57, 1023, 0, 40.899
53, 57, 1023, 0, 40.906
53, 57, 1023, 0, 40.915
53, 57, 1023, 0, 40.922
53, 57, 1023, 0, 40.931
53, 57, 1023, 0, 40.937
53, 57, 1023, 0, 40.945
53, 57, 1023, 0, 40.953
53, 57, 1023, 0, 40.961
53, 57, 1023, 0, 40.968
53, 57, 1023, 0, 40.976
53, 57, 1023, 0, 40.985
53, 57, 1023, 0, 40.991
53, 57, 1023, 0, 40.999
53, 57, 1023, 0, 41.007
53, 57, 1023, 0, 41.015
53, 57, 1023, 0, 41.022
53, 57, 1023, 0, 41.031
53, 57, 1023, 0, 41.038
53, 57, 1023, 0, 41.046
53, 57, 1023, 0, 41.053
53, 57, 1023, 0, 41.060
53, 57, 1023, 0, 41.068
53, 57, 1023, 0, 41.077
53, 57, 1023, 0, 41.083
53, 57, 1023, 0, 41.092
53, 57, 1023, 0, 41.100
53, 57, 1023, 0, 41.107
53, 57, 1023, 0, 41.114
53, 57, 1023, 0, 41.122
53, 57, 1023, 0, 41.129
53, 57, 1023, 0, 41.137
53, 57, 1023, 0, 41.145
53, 57, 1023, 0, 41.152
53, 57, 1023, 0, 41.160
53, 57, 1023, 0, 41.169
53, 57, 1023, 0, 41.176
53, 57, 1023, 0, 41.183
53, 57, 1023, 0, 41.191
53, 57, 1023, 0, 41.199
53, 57, 1023, 0, 41.207
53, 57, 1023, 0, 41.214
53, 57, 1023, 0, 41.221
53, 57, 1023, 0, 41.229
53, 57, 1023, 0, 41.237
53, 57, 1023, 0, 41.244
53, 57, 1023, 0, 41.252
53, 57, 1023, 0, 41.260
53, 57, 1023, 0, 41.267
53, 57, 1023, 0, 41.275
53, 57, 1023, 0, 41.283
53, 57, 1023, 0, 41.291
53, 57, 1023, 0, 41.298
53, 57, 1023, 0, 41.306
53, 57, 1023, 0, 41.315
53, 57, 1023, 0, 41.321
53, 57, 1023, 0, 41.329
53, 57, 1023, 0, 41.337
53, 57, 1023, 0, 41.344
53, 57, 1023, 0, 41.352
53, 57, 1023, 0, 41.360
53, 57, 1023, 0, 41.367
53, 57, 1023, 0, 41.375
53, 57, 1023, 0, 41.383
53, 57, 1023, 0, 41.390
53, 57, 1023, 0, 41.398
53, 57, 1023, 0, 41.406
53, 57, 1023, 0, 41.414
53, 57, 1023, 0, 41.421
53, 57, 1023, 0, 41.429
53, 57, 1023, 0, 41.436
53, 57, 1023, 0, 41.445
53, 57, 1023, 0, 41.452
53, 57, 1023, 0, 41.459
53, 57, 1023, 0, 41.467
53, 57, 1023, 0, 41.475
53, 57, 1023, 0, 41.482
53, 57, 1023, 0, 41.490
53, 57, 1023, 0, 41.497
53, 57, 1023, 0, 41.505
53, 57, 1023, 0, 41.512
53, 57, 1023, 0, 41.520
53, 57, 1023, 0, 41.527
53, 57, 1023, 0, 41.535
53, 57, 1023, 0, 41.544
53, 57, 1023, 0, 41.550
53, 57, 1023, 0, 41.559
53, 57, 1023, 0, 41.566
53, 57, 1023, 0, 41.575
53, 57, 1023, 0, 41.583
53, 57, 1023, 0, 41.590
53, 57, 1023, 0, 41.598
53, 57, 1023, 0, 41.605
53, 57, 1023, 0, 41.614
53, 57, 1023, 0, 41.621
53, 57, 1023, 0, 41.627
53, 57, 1023, 0, 41.636
53, 57, 1023, 0, 41.645
53, 57, 1023, 0, 41.651
53, 57, 1023, 0, 41.659
53, 57, 1023, 0, 41.667
53, 57, 1023, 0, 41.674
53, 57, 1023, 0, 41.683
53, 57, 1023, 0, 41.690
53, 57, 1023, 0, 41.698
53, 57, 1023, 0, 41.705
53, 57, 1023, 0, 41.714
53, 57, 1023, 0, 41.720
53, 57, 1023, 0, 41.728
53, 57, 1023, 0, 41.736
53, 57, 1023, 0, 41.743
53, 57, 1023, 0, 41.750
53, 57, 1023, 0, 41.759
53, 57, 1023, 0, 41.766
53, 57, 1023, 0, 41.774
53, 57, 1023, 0, 41.782
53, 57, 1023, 0, 41.789
53, 57, 1023, 0, 41.797
53, 57, 1023, 0, 41.805
53, 57, 1023, 0, 41.812
53, 57, 1023, 0, 41.820
53, 57, 1023, 0, 41.828
53, 57, 1023, 0, 41.835
53, 57, 1023, 0, 41.843
53, 57, 1023, 0, 41.851
53, 57, 1023, 0, 41.858
53, 57, 1023, 0, 41.867
53, 57, 1023, 0, 41.874
53, 57, 1023, 0, 41.881
53, 57, 1023, 0, 41.889
53, 57, 1023, 0, 41.898
53, 57, 1023, 0, 41.905
53, 57, 1023, 0, 41.912
53, 57, 1023, 0, 41.920
53, 57, 1023, 0, 41.927
53, 57, 1023, 0, 41.935
53, 57, 1023, 0, 41.944
53, 57, 1023, 0, 41.952
53, 57, 1023, 0, 41.958
53, 57, 1023, 0, 41.966
53, 57, 1023, 0, 41.973
53, 57, 1023, 0, 41.981
53, 57, 1023, 0, 41.989
53, 57, 1023, 0, 41.997
53, 57, 1023, 0, 42.004
53, 57, 1023, 0, 42.012
53, 57, 1023, 0, 42.020
53, 57, 1023, 0, 42.027
53, 57, 1023, 0, 42.036
53, 57, 1023, 0, 42.043
53, 57, 1023, 0, 42.051
53, 57, 1023, 0, 42.058
53, 57, 1023, 0, 42.067
53, 57, 1023, 0, 42.074
53, 57, 1023, 0, 42.081
53, 57, 1023, 0, 42.089
53, 57, 1023, 0, 42.096
53, 57, 1023, 0, 42.104
53, 57, 1023, 0, 42.113
53, 57, 1023, 0, 42.119
53, 57, 1023, 0, 42.127
53, 57, 1023, 0, 42.135
53, 57, 1023, 0, 42.142
53, 57, 1023, 0, 42.150
53, 57, 1023, 0, 42.159
53, 57, 1023, 0, 42.165
53, 57, 1023, 0, 42.173
53, 57, 1023, 0, 42.181
53, 57, 1023, 0, 42.187
53, 57, 1023, 0, 42.196
53, 57, 1023, 0, 42.203
53, 57, 1023, 0, 42.211
53, 57, 1023, 0, 42.219
53, 57, 1023, 0, 42.227
53, 57, 1023, 0, 42.234
53, 57, 1023, 0, 42.242
53, 57, 1023, 0, 42.250
53, 57, 1023, 0, 42.257
53, 57, 1023, 0, 42.265
53, 57, 1023, 0, 42.273
53, 57, 1023, 0, 42.280
53, 57, 1023, 0, 42.288
53, 57, 1023, 0, 42.296
53, 57, 1023, 0, 42.303
53, 57, 1023, 0, 42.311
53, 57, 1023, 0, 42.319
53, 57, 1023, 0, 42.328
53, 57, 1023, 0, 42.334
53, 57, 1023, 0, 42.342
53, 57, 1023, 0, 42.350
53, 57, 1023, 0, 42.357
53, 57, 1023, 0, 42.365
53, 57, 1023, 0, 42.374
53, 57, 1023, 0, 42.381
53, 57, 1023, 0, 42.388
53, 57, 1023, 0, 42.395
53, 57, 1023, 0, 42.403
53, 57, 1023, 0, 42.412
53, 57, 1023, 0, 42.420
53, 57, 1023, 0, 42.426
53, 57, 1023, 0, 42.434
53, 57, 1023, 0, 42.442
53, 57, 1023, 0, 42.450
53, 57, 1023, 0, 42.458
53, 57, 1023, 0, 42.466
53, 57, 1023, 0, 42.472
53, 57, 1023, 0, 42.480
53, 57, 1023, 0, 42.488
53, 57, 1023, 0, 42.496
53, 57, 1023, 0, 42.504
53, 57, 1023, 0, 42.512
53, 57, 1023, 0, 42.519
53, 57, 1023, 0, 42.526
53, 57, 1023, 0, 42.534
53, 57, 1023, 0, 42.541
53, 57, 1023, 0, 42.550
53, 57, 1023, 0, 42.557
53, 57, 1023, 0, 42.564
53, 57, 1023, 0, 42.571
53, 57, 1023, 0, 42.581
53, 57, 1023, 0, 42.587
53, 57, 1023, 0, 42.595
53, 57, 1023, 0, 42.602
53, 57, 1023, 0, 42.610
53, 57, 1023, 0, 42.618
53, 57, 1023, 0, 42.625
53, 57, 1023, 0, 42.633
53, 57, 1023, 0, 42.640
53, 57, 1023, 0, 42.649
53, 58, 1023, 0, 42.656
53, 58, 1023, 0, 42.663
53, 58, 1023, 0, 42.671
53, 58, 1023, 0, 42.679
53, 58, 1023, 0, 42.686
53, 58, 1023, 0, 42.694
53, 58, 1023, 0, 42.703
53, 58, 1023, 0, 42.710
53, 58, 1023, 0, 42.718
53, 58, 1023, 0, 42.727
53, 58, 1023, 0, 42.733
53, 58, 1023, 0, 42.742
53, 58, 1023, 0, 42.749
53, 58, 1023, 0, 42.757
53, 59, 1023, 0, 42.763
53, 59, 1023, 0, 42.773
53, 59, 1023, 0, 42.779
53, 59, 1023, 0, 42.788
53, 59, 1023, 0, 42.795
53, 59, 1023, 0, 42.802
53, 59, 1023, 0, 42.810
53, 60, 1023, 0, 42.818
54, 60, 1023, 0, 42.825
54, 60, 1023, 0, 42.834
54, 60, 1023, 0, 42.841
54, 60, 1023, 0, 42.848
54, 60, 1023, 0, 42.856
54, 60, 1023, 0, 42.864
54, 61, 1023, 0, 42.870
54, 61, 1023, 0, 42.878
54, 61, 1023, 0, 42.886
54, 61, 1023, 0, 42.894
54, 61, 1023, 0, 42.902
54, 61, 1023, 0, 42.910
54, 61, 1023, 0, 42.918
54, 61, 1023, 0, 42.925
54, 61, 1023, 0, 42.933
54, 62, 1023, 0, 42.940
54, 62, 1023, 0, 42.948
54, 62, 1023, 0, 42.956
54, 62, 1023, 0, 42.963
54, 62, 1023, 0, 42.971
54, 62, 1023, 0, 42.979
54, 62, 1023, 0, 42.985
54, 62, 1023, 0, 42.994
54, 62, 1023, 0, 43.002
54, 62, 1023, 0, 43.009
54, 62, 1023, 0, 43.017
54, 62, 1023, 0, 43.026
54, 62, 1023, 0, 43.033
54, 62, 1023, 0, 43.040
54, 62, 1023, 0, 43.048
54, 62, 1023, 0, 43.057
54, 62, 1023, 0, 43.063
54, 62, 1023, 0, 43.072
54, 62, 1023, 0, 43.079
54, 62, 1023, 0, 43.086
54, 62, 1023, 0, 43.095
54, 62, 1023, 0, 43.102
54, 62, 1023, 0, 43.110
54, 62, 1023, 0, 43.118
54, 62, 1023, 0, 43.126
54, 62, 1023, 0, 43.133
54, 62, 1023, 0, 43.141
54, 62, 1023, 0, 43.149
54, 62, 1023, 0, 43.155
54, 62, 1023, 0, 43.163
54, 62, 1023, 0, 43.170
54, 62, 1023, 0, 43.179
54, 62, 1023, 0, 43.185
54, 63, 1023, 0, 43.194
54, 63, 1023, 0, 43.201
54, 63, 1023, 0, 43.209
54, 63, 1023, 0, 43.217
54, 63, 1023, 0, 43.224
54, 63, 1023, 0, 43.231
54, 63, 1023, 0, 43.241
54, 63, 1023, 0, 43.248
54, 63, 1023, 0, 43.255
54, 63, 1023, 0, 43.263
54, 64, 1023, 0, 43.269
54, 64, 1023, 0, 43.279
54, 64, 1023, 0, 43.286
54, 64, 1023, 0, 43.293
54, 64, 1023, 0, 43.302
54, 64, 1023, 0, 43.309
54, 64, 1023, 0, 43.317
54, 64, 1023, 0, 43.324
54, 64, 1023, 0, 43.332
54, 64, 1023, 0, 43.339
55, 64, 1023, 0, 43.347
55, 64, 1023, 0, 43.355
55, 64, 1023, 0, 43.362
55, 64, 1023, 0, 43.370
55, 64, 1023, 0, 43.378
55, 64, 1023, 0, 43.386
55, 64, 1010, 0, 43.393
55, 64, 1010, 0, 43.401
55, 64, 1010, 0, 43.409
55, 64, 998, 0, 43.416
55, 64, 998, 0, 43.425
55, 64, 998, 0, 43.433
55, 64, 998, 0, 43.439
55, 64, 998, 0, 43.448
55, 64, 986, 0, 43.455
55, 64, 986, 0, 43.462
55, 64, 986, 0, 43.470
55, 64, 974, 0, 43.479
55, 64, 974, 0, 43.486
55, 63, 974, 0, 43.493
55, 63, 974, 0, 43.501
55, 63, 974, 0, 43.509
55, 63, 974, 0, 43.517
55, 63, 974, 0, 43.524
55, 63, 974, 0, 43.532
55, 63, 974, 0, 43.539
55, 63, 974, 0, 43.548
55, 63, 966, 0, 43.555
55, 63, 966, 0, 43.563
55, 63, 966, 0, 43.569
55, 63, 954, 0, 43.578
55, 63, 954, 0, 43.586
55, 63, 954, 0, 43.594
55, 63, 954, 0, 43.601
55, 63, 954, 0, 43.609
55, 63, 954, 0, 43.616
55, 63, 954, 0, 43.624
55, 62, 954, 0, 43.631
55, 62, 954, 0, 43.639
55, 62, 954, 0, 43.646
55, 62, 942, 0, 43.654
55, 62, 942, 0, 43.662
55, 62, 942, 0, 43.669
55, 62, 930, 0, 43.677
55, 62, 930, 0, 43.686
55, 62, 930, 0, 43.692
55, 62, 930, 0, 43.700
55, 62, 930, 0, 43.709
55, 62, 930, 0, 43.715
55, 62, 930, 0, 43.723
55, 62, 930, 0, 43.730
55, 62, 930, 0, 43.738
55, 62, 930, 0, 43.746
55, 62, 930, 0, 43.754
55, 62, 930, 0, 43.761
55, 62, 930, 0, 43.768
55, 62, 930, 0, 43.777
55, 62, 930, 0, 43.784
55, 62, 930, 0, 43.792
55, 61, 922, 0, 43.800
55, 61, 922, 0, 43.808
55, 61, 922, 0, 43.816
55, 61, 922, 0, 43.823
55, 61, 922, 0, 43.831
55, 61, 922, 0, 43.838
55, 61, 922, 0, 43.847
55, 61, 922, 0, 43.854
55, 61, 922, 0, 43.861
55, 61, 922, 0, 43.869
55, 61, 910, 0, 43.876
55, 61, 910, 0, 43.884
55, 61, 910, 0, 43.892
55, 61, 910, 0, 43.900
55, 61, 910, 0, 43.907
55, 61, 910, 0, 43.915
55, 61, 910, 0, 43.923
55, 61, 910, 0, 43.929
55, 61, 910, 0, 43.937
55, 61, 910, 0, 43.947
55, 61, 910, 0, 43.953
55, 61, 910, 0, 43.961
55, 61, 910, 0, 43.969
55, 61, 910, 0, 43.977
55, 61, 910, 0, 43.985
55, 61, 910, 0, 43.992
55, 61, 910, 0, 43.999
55, 61, 910, 0, 44.007
55, 61, 910, 0, 44.015
55, 61, 910, 0, 44.022
55, 61, 910, 0, 44.030
55, 61, 910, 0, 44.038
55, 61, 910, 0, 44.046
55, 61, 910, 0, 44.054
55, 61, 910, 0, 44.062
55, 61, 910, 0, 44.068
55, 61, 910, 0, 44.077
55, 61, 910, 0, 44.085
55, 61, 910, 0, 44.092
55, 61, 910, 0, 44.099
55, 61, 910, 0, 44.107
55, 61, 910, 0, 44.114
55, 61, 910, 0, 44.123
55, 61, 910, 0, 44.130
55, 61, 910, 0, 44.137
55, 61, 910, 0, 44.145
55, 61, 910, 0, 44.153
55, 61, 910, 0, 44.161
55, 61, 910, 0, 44.168
55, 61, 910, 0, 44.176
55, 61, 910, 0, 44.184
55, 61, 910, 0, 44.191
55, 61, 910, 0, 44.199
55, 61, 910, 0, 44.208
55, 61, 910, 0, 44.214
55, 61, 910, 0, 44.223
55, 61, 910, 0, 44.229
55, 61, 910, 0, 44.237
55, 61, 910, 0, 44.245
55, 61, 910, 0, 44.254
55, 61, 910, 0, 44.260
55, 61, 910, 0, 44.268
55, 61, 910, 0, 44.276
55, 61, 910, 0, 44.284
55, 61, 910, 0, 44.291
55, 61, 910, 0, 44.299
55, 61, 910, 0, 44.306
55, 61, 910, 0, 44.314
55, 61, 910, 0, 44.322
55, 61, 910, 0, 44.329
55, 61, 910, 0, 44.337
55, 61, 910, 0, 44.345
55, 61, 910, 0, 44.352
55, 61, 910, 0, 44.360
55, 61, 922, 0, 44.368
55, 61, 922, 0, 44.375
55, 61, 922, 0, 44.383
55, 61, 922, 0, 44.391
55, 61, 930, 0, 44.399
55, 61, 930, 0, 44.407
55, 61, 930, 0, 44.414
55, 61, 930, 0, 44.421
55, 61, 930, 0, 44.429
55, 61, 930, 0, 44.437
55, 61, 930, 0, 44.445
55, 61, 930, 0, 44.452
55, 61, 930, 0, 44.460
55, 61, 930, 0, 44.468
55, 61, 930, 0, 44.475
55, 61, 930, 0, 44.483
55, 61, 930, 0, 44.490
55, 61, 930, 0, 44.499
55, 61, 930, 0, 44.506
55, 61, 930, 0, 44.514
55, 61, 930, 0, 44.522
55, 61, 930, 0, 44.530
55, 61, 930, 0, 44.535
55, 61, 930, 0, 44.544
55, 61, 930, 0, 44.552
55, 61, 930, 0, 44.559
55, 61, 930, 0, 44.567
55, 61, 930, 0, 44.575
55, 61, 930, 0, 44.583
55, 61, 930, 0, 44.590
55, 61, 930, 0, 44.598
55, 61, 930, 0, 44.606
55, 61, 930, 0, 44.614
55, 61, 930, 0, 44.621
55, 61, 930, 0, 44.629
55, 61, 930, 0, 44.635
55, 61, 930, 0, 44.644
55, 61, 930, 0, 44.652
55, 61, 930, 0, 44.660
55, 61, 930, 0, 44.667
55, 61, 930, 0, 44.675
55, 61, 930, 0, 44.682
55, 61, 930, 0, 44.691
55, 61, 930, 0, 44.698
55, 61, 930, 0, 44.705
55, 61, 930, 0, 44.712
55, 61, 930, 0, 44.722
55, 61, 930, 0, 44.728
55, 61, 930, 0, 44.736
55, 61, 930, 0, 44.744
55, 61, 930, 0, 44.751
55, 61, 930, 0, 44.759
55, 61, 930, 0, 44.767
55, 61, 930, 0, 44.774
55, 61, 930, 0, 44.782
55, 61, 930, 0, 44.790
55, 61, 930, 0, 44.797
55, 61, 930, 0, 44.805
55, 61, 930, 0, 44.814
55, 61, 930, 0, 44.820
55, 61, 930, 0, 44.829
55, 61, 930, 0, 44.835
55, 61, 930, 0, 44.843
55, 61, 930, 0, 44.850
55, 61, 930, 0, 44.858
55, 61, 930, 0, 44.867
55, 61, 930, 0, 44.874
55, 61, 930, 0, 44.883
55, 61, 930, 0, 44.891
55, 61, 930, 0, 44.896
55, 61, 930, 0, 44.905
55, 61, 930, 0, 44.912
55, 61, 930, 0, 44.921
55, 61, 930, 0, 44.928
55, 61, 930, 0, 44.937
55, 61, 930, 0, 44.943
55, 61, 930, 0, 44.951
55, 61, 930, 0, 44.960
55, 61, 930, 0, 44.966
55, 61, 930, 0, 44.974
55, 61, 930, 0, 44.983
55, 61, 930, 0, 44.989
55, 61, 930, 0, 44.997
55, 61, 930, 0, 45.005
55, 61, 930, 0, 45.012
55, 61, 930, 0, 45.020
55, 61, 930, 0, 45.028
55, 61, 930, 0, 45.036
55, 61, 930, 0, 45.043
55, 61, 930, 0, 45.051
55, 61, 930, 0, 45.058
55, 61, 930, 0, 45.066
55, 61, 930, 0, 45.074
55, 61, 930, 0, 45.081
55, 61, 930, 0, 45.089
55, 61, 930, 0, 45.097
55, 61, 930, 0, 45.104
55, 61, 930, 0, 45.111
55, 61, 930, 0, 45.119
55, 61, 930, 0, 45.128
55, 61, 930, 0, 45.135
55, 61, 930, 0, 45.144
55, 61, 930, 0, 45.152
55, 61, 930, 0, 45.158
55, 61, 930, 0, 45.166
55, 61, 930, 0, 45.173
55, 61, 930, 0, 45.181
55, 61, 930, 0, 45.189
55, 61, 930, 0, 45.198
55, 61, 930, 0, 45.205
55, 61, 930, 0, 45.213
55, 61, 930, 0, 45.221
55, 61, 930, 0, 45.227
55, 61, 930, 0, 45.235
55, 61, 930, 0, 45.242
55, 61, 930, 0, 45.250
55, 61, 930, 0, 45.258
55, 61, 930, 0, 45.265
55, 61, 930, 0, 45.273
55, 61, 930, 0, 45.281
55, 61, 930, 0, 45.290
55, 61, 930, 0, 45.296
55, 61, 930, 0, 45.305
55, 61, 930, 0, 45.312
55, 61, 930, 0, 45.319
55, 61, 930, 0, 45.327
55, 61, 930, 0, 45.335
55, 61, 930, 0, 45.342
55, 61, 930, 0, 45.351
55, 61, 930, 0, 45.358
55, 61, 930, 0, 45.365
55, 61, 930, 0, 45.373
55, 61, 930, 0, 45.381
55, 61, 930, 0, 45.389
55, 61, 930, 0, 45.397
55, 61, 930, 0, 45.405
55, 61, 930, 0, 45.411
55, 61, 930, 0, 45.420
55, 61, 930, 0, 45.427
55, 61, 930, 0, 45.434
55, 61, 930, 0, 45.442
55, 61, 930, 0, 45.450
55, 61, 930, 0, 45.457
55, 61, 930, 0, 45.466
55, 61, 930, 0, 45.473
55, 61, 930, 0, 45.480
55, 61, 942, 0, 45.488
55, 61, 942, 0, 45.496
55, 61, 942, 0, 45.503
55, 61, 942, 0, 45.511
55, 61, 942, 0, 45.518
55, 61, 942, 0, 45.527
55, 61, 942, 0, 45.534
55, 61, 942, 0, 45.542
55, 61, 942, 0, 45.550
55, 61, 942, 0, 45.557
55, 61, 954, 0, 45.565
55, 61, 954, 0, 45.573
55, 61, 954, 0, 45.580
55, 61, 954, 0, 45.589
55, 61, 954, 0, 45.596
55, 61, 954, 0, 45.604
55, 61, 954, 0, 45.611
55, 61, 954, 0, 45.618
55, 61, 954, 0, 45.626
55, 61, 954, 0, 45.634
55, 61, 954, 0, 45.641
55, 61, 954, 0, 45.649
55, 61, 954, 0, 45.657
55, 61, 954, 0, 45.665
55, 61, 954, 0, 45.672
55, 61, 942, 0, 45.680
55, 61, 942, 0, 45.688
55, 61, 942, 0, 45.695
55, 61, 942, 0, 45.703
55, 61, 942, 0, 45.711
55, 61, 942, 0, 45.718
55, 61, 942, 0, 45.727
55, 61, 942, 0, 45.734
55, 61, 954, 0, 45.741
55, 61, 942, 0, 45.749
55, 61, 942, 0, 45.757
55, 61, 942, 0, 45.765
55, 61, 942, 0, 45.772
55, 61, 942, 0, 45.780
55, 61, 942, 0, 45.787
55, 61, 954, 0, 45.796
55, 61, 954, 0, 45.803
55, 61, 954, 0, 45.810
55, 61, 954, 0, 45.818
55, 61, 954, 0, 45.826
55, 61, 954, 0, 45.833
55, 61, 954, 0, 45.841
55, 61, 954, 0, 45.849
55, 61, 954, 0, 45.858
55, 61, 954, 0, 45.864
55, 61, 942, 0, 45.873
55, 61, 942, 0, 45.879
55, 61, 942, 0, 45.887
55, 61, 942, 0, 45.896
55, 61, 942, 0, 45.902
55, 61, 942, 0, 45.911
55, 61, 942, 0, 45.918
55, 61, 954, 0, 45.926
55, 61, 954, 0, 45.932
55, 61, 954, 0, 45.941
55, 61, 954, 0, 45.949
55, 61, 954, 0, 45.956
55, 61, 954, 0, 45.964
55, 61, 954, 0, 45.971
55, 61, 954, 0, 45.979
55, 61, 954, 0, 45.987
55, 61, 954, 0, 45.994
55, 61, 954, 0, 46.002
55, 61, 954, 0, 46.009
55, 61, 954, 0, 46.017
55, 61, 954, 0, 46.025
55, 61, 954, 0, 46.033
55, 61, 954, 0, 46.041
55, 61, 954, 0, 46.047
55, 61, 954, 0, 46.056
55, 61, 954, 0, 46.064
55, 61, 954, 0, 46.071
55, 61, 942, 0, 46.078
55, 61, 942, 0, 46.086
55, 61, 942, 0, 46.093
55, 61, 942, 0, 46.101
55, 61, 942, 0, 46.109
55, 61, 942, 0, 46.117
55, 61, 954, 0, 46.124
55, 61, 954, 0, 46.132
55, 61, 954, 0, 46.139
55, 61, 954, 0, 46.147
55, 61, 954, 0, 46.155
55, 61, 954, 0, 46.163
55, 61, 942, 0, 46.171
55, 61, 942, 0, 46.178
55, 61, 942, 0, 46.185
55, 61, 930, 0, 46.194
55, 61, 930, 0, 46.201
55, 61, 930, 0, 46.209
55, 61, 930, 0, 46.217
55, 61, 930, 0, 46.226
55, 61, 930, 0, 46.232
55, 61, 930, 0, 46.241
55, 61, 930, 0, 46.248
55, 61, 930, 0, 46.255
55, 61, 930, 0, 46.263
55, 61, 930, 0, 46.272
55, 61, 930, 0, 46.279
55, 61, 930, 0, 46.286
55, 61, 930, 0, 46.294
55, 61, 930, 0, 46.301
55, 61, 930, 0, 46.309
55, 61, 930, 0, 46.317
55, 61, 930, 0, 46.324
55, 61, 930, 0, 46.332
55, 61, 930, 0, 46.341
55, 61, 930, 0, 46.348
55, 61, 930, 0, 46.354
55, 61, 930, 0, 46.363
55, 61, 930, 0, 46.370
55, 61, 930, 0, 46.379
55, 61, 930, 0, 46.386
55, 61, 930, 0, 46.395
55, 61, 930, 0, 46.402
55, 61, 930, 0, 46.409
55, 61, 930, 0, 46.417
55, 61, 930, 0, 46.424
55, 61, 930, 0, 46.433
55, 61, 930, 0, 46.440
55, 61, 930, 0, 46.447
55, 61, 930, 0, 46.456
55, 61, 930, 0, 46.463
55, 61, 930, 0, 46.470
55, 61, 930, 0, 46.478
55, 61, 930, 0, 46.486
55, 61, 930, 0, 46.493
55, 61, 930, 0, 46.501
55, 61, 930, 0, 46.509
55, 61, 930, 0, 46.516
55, 61, 930, 0, 46.524
55, 61, 930, 0, 46.532
55, 61, 930, 0, 46.540
55, 61, 930, 0, 46.547
55, 61, 930, 0, 46.555
55, 61, 930, 0, 46.562
55, 61, 930, 0, 46.570
55, 61, 930, 0, 46.578
55, 61, 930, 0, 46.586
55, 61, 930, 0, 46.593
55, 61, 930, 0, 46.601
55, 61, 930, 0, 46.609
55, 61, 930, 0, 46.616
55, 61, 930, 0, 46.625
55, 61, 930, 0, 46.631
55, 61, 930, 0, 46.640
55, 61, 930, 0, 46.647
55, 61, 930, 0, 46.655
55, 61, 930, 0, 46.662
55, 61, 930, 0, 46.670
55, 61, 930, 0, 46.679
55, 61, 930, 0, 46.686
55, 61, 930, 0, 46.693
55, 61, 930, 0, 46.701
55, 61, 930, 0, 46.709
55, 61, 930, 0, 46.717
55, 61, 930, 0, 46.723
55, 61, 930, 0, 46.731
55, 61, 930, 0, 46.739
55, 61, 930, 0, 46.748
55, 61, 930, 0, 46.754
55, 61, 930, 0, 46.762
55, 61, 930, 0, 46.768
55, 61, 930, 0, 46.777
55, 61, 930, 0, 46.784
55, 61, 930, 0, 46.794
55, 61, 930, 0, 46.800
55, 61, 930, 0, 46.808
55, 61, 930, 0, 46.816
55, 61, 930, 0, 46.824
55, 61, 930, 0, 46.832
55, 61, 930, 0, 46.840
55, 61, 930, 0, 46.846
55, 61, 930, 0, 46.855
55, 61, 930, 0, 46.862
55, 61, 930, 0, 46.869
55, 61, 930, 0, 46.878
55, 61, 930, 0, 46.885
55, 61, 930, 0, 46.892
55, 61, 930, 0, 46.901
55, 61, 930, 0, 46.909
55, 61, 930, 0, 46.916
55, 61, 930, 0, 46.923
55, 61, 930, 0, 46.931
55, 61, 930, 0, 46.938
55, 61, 930, 0, 46.946
55, 61, 930, 0, 46.955
55, 61, 930, 0, 46.962
55, 61, 930, 0, 46.969
55, 61, 930, 0, 46.977
55, 61, 930, 0, 46.984
55, 61, 930, 0, 46.992
55, 61, 930, 0, 47.000
55, 61, 930, 0, 47.007
55, 61, 930, 0, 47.015
55, 61, 930, 0, 47.024
55, 61, 930, 0, 47.030
55, 61, 930, 0, 47.039
55, 61, 930, 0, 47.046
55, 61, 930, 0, 47.053
55, 61, 930, 0, 47.062
55, 61, 930, 0, 47.069
55, 61, 930, 0, 47.077
55, 61, 930, 0, 47.084
55, 61, 930, 0, 47.091
55, 61, 930, 0, 47.100
55, 61, 930, 0, 47.107
55, 61, 930, 0, 47.115
55, 61, 930, 0, 47.123
55, 61, 930, 0, 47.130
55, 61, 930, 0, 47.138
55, 61, 930, 0, 47.146
55, 61, 930, 0, 47.154
55, 61, 930, 0, 47.162
55, 61, 930, 0, 47.169
55, 61, 930, 0, 47.176
55, 61, 930, 0, 47.184
55, 61, 930, 0, 47.192
55, 61, 930, 0, 47.199
55, 61, 930, 0, 47.207
55, 61, 930, 0, 47.215
55, 61, 930, 0, 47.222
55, 61, 930, 0, 47.230
55, 61, 930, 0, 47.238
55, 61, 930, 0, 47.244
55, 61, 930, 0, 47.253
55, 61, 930, 0, 47.261
55, 61, 930, 0, 47.269
55, 61, 930, 0, 47.276
55, 61, 930, 0, 47.284
55, 61, 930, 0, 47.291
55, 61, 930, 0, 47.299
55, 61, 930, 0, 47.308
55, 61, 930, 0, 47.314
55, 61, 930, 0, 47.323
55, 61, 930, 0, 47.331
55, 61, 930, 0, 47.337
55, 61, 930, 0, 47.345
55, 61, 930, 0, 47.353
55, 61, 930, 0, 47.361
55, 61, 930, 0, 47.369
55, 61, 930, 0, 47.377
55, 61, 930, 0, 47.384
55, 61, 930, 0, 47.392
55, 61, 930, 0, 47.399
55, 61, 930, 0, 47.408
55, 61, 930, 0, 47.415
55, 61, 930, 0, 47.423
55, 61, 930, 0, 47.430
55, 61, 930, 0, 47.437
55, 61, 930, 0, 47.446
55, 61, 930, 0, 47.452
55, 61, 930, 0, 47.461
55, 61, 930, 0, 47.468
55, 61, 930, 0, 47.477
55, 61, 930, 0, 47.483
55, 61, 930, 0, 47.491
55, 61, 930, 0, 47.499
55, 61, 930, 0, 47.506
55, 61, 930, 0, 47.514
55, 61, 930, 0, 47.522
55, 61, 930, 0, 47.529
55, 61, 930, 0, 47.537
55, 61, 930, 0, 47.546
55, 61, 930, 0, 47.552
55, 61, 930, 0, 47.561
55, 61, 930, 0, 47.569
55, 61, 930, 0, 47.575
55, 61, 930, 0, 47.583
55, 61, 930, 0, 47.592
55, 61, 930, 0, 47.598
55, 61, 930, 0, 47.606
55, 61, 930, 0, 47.614
55, 61, 930, 0, 47.622
55, 61, 930, 0, 47.630
55, 61, 930, 0, 47.637
55, 61, 930, 0, 47.644
55, 61, 930, 0, 47.652
55, 61, 930, 0, 47.661
55, 61, 930, 0, 47.669
55, 61, 930, 0, 47.675
55, 61, 930, 0, 47.683
55, 61, 930, 0, 47.690
55, 61, 930, 0, 47.698
55, 61, 930, 0, 47.707
55, 61, 930, 0, 47.713
55, 61, 930, 0, 47.721
55, 61, 930, 0, 47.730
55, 61, 930, 0, 47.737
55, 61, 930, 0, 47.744
55, 61, 930, 0, 47.752
55, 61, 930, 0, 47.760
55, 61, 930, 0, 47.768
55, 61, 930, 0, 47.775
55, 61, 930, 0, 47.783
55, 61, 930, 0, 47.790
55, 61, 930, 0, 47.798
55, 61, 930, 0, 47.806
55, 61, 930, 0, 47.814
55, 61, 930, 0, 47.821
55, 61, 930, 0, 47.830
55, 61, 930, 0, 47.836
55, 61, 930, 0, 47.845
55, 61, 930, 0, 47.851
55, 61, 930, 0, 47.860
55, 61, 930, 0, 47.869
55, 61, 930, 0, 47.875
55, 61, 930, 0, 47.883
55, 61, 930, 0, 47.890
55, 61, 930, 0, 47.899
55, 61, 930, 0, 47.905
55, 61, 930, 0, 47.914
55, 61, 942, 0, 47.921
55, 61, 942, 0, 47.929
55, 61, 942, 0, 47.936
55, 61, 954, 0, 47.944
55, 61, 954, 0, 47.952
55, 61, 954, 0, 47.960
55, 61, 954, 0, 47.968
55, 61, 954, 0, 47.975
55, 61, 954, 0, 47.982
55, 61, 954, 0, 47.990
55, 61, 954, 0, 47.998
55, 61, 954, 0, 48.005
55, 61, 954, 0, 48.013
55, 61, 954, 0, 48.020
55, 61, 954, 0, 48.028
55, 61, 954, 0, 48.036
55, 61, 954, 0, 48.043
55, 61, 954, 0, 48.051
55, 61, 954, 0, 48.060
55, 61, 954, 0, 48.066
55, 61, 954, 0, 48.074
55, 61, 954, 0, 48.083
55, 61, 954, 0, 48.089
55, 61, 954, 0, 48.097
55, 61, 954, 0, 48.106
55, 61, 954, 0, 48.112
55, 61, 954, 0, 48.120
55, 61, 954, 0, 48.129
55, 61, 954, 0, 48.135
55, 61, 954, 0, 48.143
55, 61, 954, 0, 48.151
55, 61, 954, 0, 48.159
55, 61, 954, 0, 48.166
55, 61, 954, 0, 48.174
55, 61, 954, 0, 48.181
55, 61, 954, 0, 48.189
55, 61, 966, 0, 48.197
55, 61, 966, 0, 48.205
55, 61, 966, 0, 48.212
55, 61, 966, 0, 48.220
55, 61, 966, 0, 48.227
55, 61, 974, 0, 48.236
55, 61, 974, 0, 48.244
55, 61, 974, 0, 48.250
55, 61, 974, 0, 48.258
55, 61, 974, 0, 48.266
55, 61, 974, 0, 48.274
55, 61, 974, 0, 48.281
55, 61, 974, 0, 48.290
55, 61, 974, 0, 48.297
55, 61, 974, 0, 48.305
55, 61, 974, 0, 48.313
55, 61, 974, 0, 48.320
55, 61, 974, 0, 48.327
55, 61, 974, 0, 48.335
55, 61, 974, 0, 48.342
55, 61, 974, 0, 48.351
55, 61, 974, 0, 48.358
55, 61, 974, 0, 48.367
55, 61, 974, 0, 48.373
55, 61, 974, 0, 48.382
55, 61, 974, 0, 48.389
55, 61, 974, 0, 48.396
55, 61, 974, 0, 48.404
55, 61, 974, 0, 48.413
55, 61, 974, 0, 48.420
55, 61, 974, 0, 48.428
55, 61, 974, 0, 48.435
55, 61, 974, 0, 48.443
55, 61, 974, 0, 48.450
55, 61, 974, 0, 48.459
55, 61, 974, 0, 48.464
55, 61, 974, 0, 48.473
55, 61, 974, 0, 48.481
55, 61, 974, 0, 48.489
55, 61, 974, 0, 48.496
55, 61, 974, 0, 48.504
55, 61, 974, 0, 48.511
55, 61, 974, 0, 48.519
55, 61, 974, 0, 48.527
55, 61, 974, 0, 48.535
55, 61, 974, 0, 48.542
55, 61, 974, 0, 48.550
55, 61, 974, 0, 48.558
55, 61, 974, 0, 48.565
55, 61, 974, 0, 48.573
55, 61, 974, 0, 48.580
55, 61, 974, 0, 48.589
55, 61, 974, 0, 48.596
55, 61, 974, 0, 48.604
55, 61, 974, 0, 48.611
55, 61, 974, 0, 48.619
55, 61, 974, 0, 48.628
55, 61, 974, 0, 48.635
55, 61, 974, 0, 48.643
55, 61, 974, 0, 48.650
55, 61, 974, 0, 48.657
55, 61, 974, 0, 48.665
55, 61, 974, 0, 48.674
55, 61, 974, 0, 48.681
55, 61, 974, 0, 48.688
55, 61, 974, 0, 48.697
55, 61, 974, 0, 48.703
55, 61, 966, 0, 48.711
55, 61, 966, 0, 48.719
55, 61, 966, 0, 48.727
55, 61, 966, 0, 48.735
55, 61, 966, 0, 48.742
55, 61, 966, 0, 48.750
55, 61, 974, 0, 48.757
55, 61, 966, 0, 48.765
55, 61, 966, 0, 48.772
55, 61, 966, 0, 48.780
55, 61, 966, 0, 48.788
55, 61, 966, 0, 48.796
55, 61, 966, 0, 48.803
55, 61, 966, 0, 48.812
55, 61, 966, 0, 48.820
56, 61, 966, 0, 48.827
56, 61, 966, 0, 48.834
56, 61, 966, 0, 48.841
56, 61, 966, 0, 48.850
56, 61, 966, 0, 48.857
56, 61, 966, 0, 48.865
56, 61, 966, 0, 48.872
56, 61, 954, 0, 48.880
56, 61, 954, 0, 48.887
56, 61, 954, 0, 48.896
56, 61, 954, 0, 48.903
56, 61, 954, 0, 48.911
56, 61, 954, 0, 48.918
56, 61, 954, 0, 48.927
56, 61, 954, 0, 48.934
56, 61, 954, 0, 48.941
56, 61, 954, 0, 48.950
56, 61, 954, 0, 48.956
56, 61, 954, 0, 48.964
56, 61, 954, 0, 48.972
56, 61, 954, 0, 48.980
56, 61, 954, 0, 48.987
56, 61, 954, 0, 48.996
56, 61, 954, 0, 49.003
56, 61, 966, 0, 49.011
56, 61, 966, 0, 49.018
56, 61, 966, 0, 49.027
56, 61, 966, 0, 49.034
56, 61, 966, 0, 49.042
56, 61, 966, 0, 49.050
56, 61, 966, 0, 49.056
56, 61, 966, 0, 49.064
56, 61, 974, 0, 49.072
56, 61, 974, 0, 49.079
56, 61, 974, 0, 49.087
56, 61, 974, 0, 49.095
56, 61, 966, 0, 49.102
56, 61, 966, 0, 49.110
56, 61, 966, 0, 49.117
56, 61, 966, 0, 49.125
56, 61, 966, 0, 49.133
56, 61, 966, 0, 49.141
56, 61, 974, 0, 49.150
56, 61, 974, 0, 49.157
56, 61, 974, 0, 49.164
56, 61, 974, 0, 49.171
56, 61, 974, 0, 49.179
56, 61, 966, 0, 49.187
56, 61, 966, 0, 49.194
56, 61, 966, 0, 49.202
56, 61, 966, 0, 49.210
56, 61, 966, 0, 49.218
56, 61, 966, 0, 49.225
56, 61, 966, 0, 49.233
56, 61, 966, 0, 49.241
56, 61, 966, 0, 49.248
56, 61, 966, 0, 49.256
56, 61, 966, 0, 49.265
56, 61, 954, 0, 49.272
56, 61, 954, 0, 49.280
56, 61, 954, 0, 49.287
56, 61, 954, 0, 49.295
56, 61, 954, 0, 49.302
56, 61, 954, 0, 49.311
56, 61, 954, 0, 49.317
56, 61, 954, 0, 49.326
56, 61, 954, 0, 49.334
56, 61, 954, 0, 49.341
56, 61, 954, 0, 49.349
56, 61, 954, 0, 49.357
56, 61, 954, 0, 49.364
56, 61, 954, 0, 49.372
56, 61, 954, 0, 49.379
56, 61, 954, 0, 49.386
56, 61, 954, 0, 49.394
56, 61, 954, 0, 49.402
56, 61, 954, 0, 49.410
56, 61, 954, 0, 49.418
56, 61, 954, 0, 49.425
56, 61, 954, 0, 49.433
56, 61, 954, 0, 49.440
56, 61, 954, 0, 49.449
56, 61, 954, 0, 49.455
56, 61, 954, 0, 49.464
56, 61, 954, 0, 49.471
56, 61, 954, 0, 49.479
56, 61, 954, 0, 49.486
56, 61, 954, 0, 49.494
56, 61, 954, 0, 49.501
56, 61, 942, 0, 49.509
56, 61, 942, 0, 49.518
56, 61, 942, 0, 49.525
56, 61, 930, 0, 49.533
56, 61, 930, 0, 49.540
56, 61, 930, 0, 49.548
56, 61, 930, 0, 49.555
56, 61, 930, 0, 49.563
56, 61, 930, 0, 49.571
56, 61, 930, 0, 49.579
56, 61, 930, 0, 49.587
56, 61, 930, 0, 49.594
56, 61, 930, 0, 49.601
56, 61, 930, 0, 49.609
56, 61, 930, 0, 49.618
56, 61, 930, 0, 49.625
56, 61, 930, 0, 49.633
56, 61, 930, 0, 49.640
56, 61, 930, 0, 49.648
56, 61, 930, 0, 49.655
56, 61, 930, 0, 49.663
56, 61, 930, 0, 49.671
56, 61, 930, 0, 49.679
56, 61, 930, 0, 49.686
56, 61, 930, 0, 49.694
56, 61, 930, 0, 49.701
56, 61, 930, 0, 49.709
56, 61, 922, 0, 49.716
56, 61, 922, 0, 49.724
56, 61, 922, 0, 49.732
56, 61, 922, 0, 49.739
56, 61, 910, 0, 49.747
56, 61, 910, 0, 49.755
56, 61, 910, 0, 49.762
56, 61, 910, 0, 49.770
56, 61, 910, 0, 49.778
56, 61, 910, 0, 49.785
56, 60, 910, 0, 49.793
56, 60, 910, 0, 49.801
56, 60, 910, 0, 49.808
56, 60, 910, 0, 49.817
56, 60, 910, 0, 49.824
56, 60, 910, 0, 49.831
56, 60, 910, 0, 49.839
56, 60, 910, 0, 49.847
56, 60, 910, 0, 49.854
56, 60, 910, 0, 49.862
56, 60, 910, 0, 49.870
56, 60, 910, 0, 49.877
56, 60, 910, 0, 49.884
56, 60, 910, 0, 49.893
56, 60, 910, 0, 49.900
56, 60, 910, 0, 49.908
56, 60, 910, 0, 49.916
56, 60, 910, 0, 49.923
56, 60, 910, 0, 49.931
56, 60, 910, 0, 49.939
56, 60, 910, 0, 49.946
56, 60, 898, 0, 49.954
56, 60, 898, 0, 49.962
56, 60, 898, 0, 49.970
56, 60, 898, 0, 49.977
56, 60, 898, 0, 49.985
56, 60, 898, 0, 49.993
56, 60, 898, 0, 50.000
56, 60, 898, 0, 50.008
56, 60, 898, 0, 50.016
56, 60, 898, 0, 50.023
56, 60, 910, 0, 50.031
56, 60, 910, 0, 50.038
56, 60, 910, 0, 50.046
56, 60, 910, 0, 50.054
56, 60, 910, 0, 50.063
56, 60, 910, 0, 50.070
56, 60, 910, 0, 50.077
56, 60, 910, 0, 50.085
56, 60, 910, 0, 50.093
56, 60, 910, 0, 50.101
56, 60, 910, 0, 50.108
56, 60, 910, 0, 50.115
56, 60, 910, 0, 50.124
56, 60, 910, 0, 50.131
56, 60, 910, 0, 50.138
56, 60, 910, 0, 50.147
56, 60, 910, 0, 50.154
56, 60, 910, 0, 50.161
56, 60, 910, 0, 50.169
56, 60, 910, 0, 50.178
56, 60, 910, 0, 50.185
56, 60, 910, 0, 50.193
56, 60, 910, 0, 50.200
56, 60, 910, 0, 50.207
56, 60, 910, 0, 50.215
56, 60, 910, 0, 50.223
56, 60, 910, 0, 50.231
56, 60, 910, 0, 50.238
56, 60, 910, 0, 50.246
56, 60, 910, 0, 50.253
56, 60, 910, 0, 50.261
56, 60, 910, 0, 50.269
56, 60, 910, 0, 50.276
56, 60, 910, 0, 50.284
56, 60, 910, 0, 50.292
56, 60, 910, 0, 50.299
56, 60, 910, 0, 50.307
56, 60, 910, 0, 50.315
56, 60, 910, 0, 50.324
56, 60, 910, 0, 50.331
56, 60, 910, 0, 50.338
56, 60, 910, 0, 50.346
56, 60, 910, 0, 50.354
56, 60, 910, 0, 50.361
56, 60, 910, 0, 50.369
56, 60, 910, 0, 50.377
56, 60, 910, 0, 50.384
56, 60, 910, 0, 50.393
56, 60, 910, 0, 50.400
56, 60, 910, 0, 50.408
56, 60, 910, 0, 50.416
56, 60, 910, 0, 50.423
56, 60, 910, 0, 50.430
56, 60, 910, 0, 50.438
56, 60, 910, 0, 50.445
56, 60, 910, 0, 50.453
56, 60, 910, 0, 50.461
56, 60, 910, 0, 50.469
56, 60, 910, 0, 50.476
56, 60, 910, 0, 50.485
56, 60, 910, 0, 50.491
56, 60, 910, 0, 50.499
56, 60, 910, 0, 50.507
56, 60, 910, 0, 50.514
56, 60, 910, 0, 50.522
56, 60, 910, 0, 50.530
56, 60, 910, 0, 50.538
56, 60, 910, 0, 50.545
56, 60, 910, 0, 50.553
56, 60, 910, 0, 50.561
56, 60, 910, 0, 50.569
56, 60, 910, 0, 50.576
56, 60, 910, 0, 50.584
56, 60, 910, 0, 50.591
56, 60, 910, 0, 50.600
56, 60, 910, 0, 50.607
56, 60, 910, 0, 50.615
56, 60, 910, 0, 50.622
56, 60, 910, 0, 50.630
56, 60, 910, 0, 50.638
56, 60, 910, 0, 50.646
56, 60, 910, 0, 50.652
56, 60, 910, 0, 50.661
56, 60, 910, 0, 50.668
56, 60, 910, 0, 50.675
56, 60, 910, 0, 50.683
56, 60, 910, 0, 50.692
56, 60, 910, 0, 50.699
56, 60, 910, 0, 50.706
56, 60, 910, 0, 50.714
56, 60, 910, 0, 50.722
56, 60, 910, 0, 50.729
56, 60, 910, 0, 50.737
56, 60, 910, 0, 50.745
56, 60, 910, 0, 50.752
56, 60, 910, 0, 50.761
56, 60, 910, 0, 50.769
56, 60, 910, 0, 50.776
56, 60, 910, 0, 50.784
56, 60, 910, 0, 50.792
56, 60, 910, 0, 50.799
56, 60, 910, 0, 50.807
56, 60, 910, 0, 50.815
56, 60, 910, 0, 50.821
56, 60, 910, 0, 50.830
56, 60, 910, 0, 50.837
56, 60, 910, 0, 50.844
56, 60, 910, 0, 50.852
56, 60, 910, 0, 50.861
56, 60, 910, 0, 50.868
56, 60, 910, 0, 50.875
56, 60, 910, 0, 50.883
56, 60, 910, 0, 50.889
56, 60, 910, 0, 50.898
56, 60, 910, 0, 50.907
56, 60, 910, 0, 50.914
56, 60, 910, 0, 50.922
56, 60, 910, 0, 50.930
56, 60, 910, 0, 50.936
56, 60, 922, 0, 50.945
56, 60, 922, 0, 50.952
56, 60, 910, 0, 50.960
56, 60, 910, 0, 50.968
56, 60, 910, 0, 50.975
56, 60, 910, 0, 50.982
56, 60, 910, 0, 50.991
56, 60, 910, 0, 50.998
56, 60, 910, 0, 51.006
56, 60, 910, 0, 51.013
56, 60, 910, 0, 51.022
56, 60, 922, 0, 51.028
56, 60, 922, 0, 51.036
56, 60, 922, 0, 51.044
56, 60, 922, 0, 51.052
56, 60, 922, 0, 51.059
56, 60, 922, 0, 51.068
56, 60, 922, 0, 51.075
56, 60, 922, 0, 51.083
56, 60, 922, 0, 51.091
56, 60, 922, 0, 51.097
56, 60, 922, 0, 51.105
56, 60, 930, 0, 51.113
56, 60, 930, 0, 51.122
56, 60, 930, 0, 51.128
56, 60, 930, 0, 51.136
56, 60, 930, 0, 51.143
56, 60, 930, 0, 51.151
56, 60, 930, 0, 51.159
56, 60, 930, 0, 51.168
56, 60, 930, 0, 51.174
56, 60, 930, 0, 51.183
56, 60, 930, 0, 51.190
56, 60, 930, 0, 51.198
56, 60, 930, 0, 51.206
56, 60, 930, 0, 51.214
56, 60, 930, 0, 51.220
56, 60, 930, 0, 51.229
56, 60, 930, 0, 51.237
56, 60, 930, 0, 51.244
56, 60, 930, 0, 51.252
56, 60, 930, 0, 51.260
56, 60, 930, 0, 51.267
56, 60, 930, 0, 51.274
56, 60, 930, 0, 51.283
56, 60, 930, 0, 51.289
56, 60, 930, 0, 51.297
56, 60, 930, 0, 51.306
56, 60, 930, 0, 51.313
56, 60, 930, 0, 51.321
56, 60, 930, 0, 51.329
56, 60, 930, 0, 51.335
56, 60, 930, 0, 51.344
56, 60, 930, 0, 51.352
56, 60, 930, 0, 51.359
56, 60, 930, 0, 51.367
56, 60, 930, 0, 51.375
56, 60, 930, 0, 51.382
56, 60, 930, 0, 51.390
56, 60, 930, 0, 51.398
56, 60, 930, 0, 51.404
56, 60, 930, 0, 51.412
56, 60, 930, 0, 51.420
56, 60, 930, 0, 51.428
56, 60, 930, 0, 51.435
56, 60, 930, 0, 51.444
56, 60, 922, 0, 51.452
56, 60, 922, 0, 51.459
56, 60, 922, 0, 51.467
56, 60, 922, 0, 51.475
56, 60, 922, 0, 51.481
56, 60, 910, 0, 51.490
56, 60, 910, 0, 51.496
56, 60, 910, 0, 51.504
56, 60, 910, 0, 51.512
56, 60, 910, 0, 51.521
56, 60, 910, 0, 51.526
56, 60, 910, 0, 51.536
56, 60, 910, 0, 51.543
56, 60, 910, 0, 51.551
56, 60, 910, 0, 51.558
56, 60, 910, 0, 51.566
56, 60, 910, 0, 51.573
56, 60, 910, 0, 51.581
56, 60, 910, 0, 51.589
56, 60, 910, 0, 51.596
56, 60, 910, 0, 51.605
56, 60, 910, 0, 51.612
56, 60, 910, 0, 51.619
56, 60, 910, 0, 51.627
56, 60, 910, 0, 51.636
56, 60, 910, 0, 51.643
56, 60, 910, 0, 51.651
56, 60, 910, 0, 51.658
56, 60, 910, 0, 51.665
56, 60, 910, 0, 51.673
56, 60, 910, 0, 51.682
56, 60, 910, 0, 51.689
56, 60, 910, 0, 51.697
56, 60, 910, 0, 51.705
56, 60, 910, 0, 51.712
56, 60, 910, 0, 51.720
56, 60, 910, 0, 51.728
56, 60, 910, 0, 51.735
56, 60, 910, 0, 51.742
56, 60, 910, 0, 51.750
56, 60, 910, 0, 51.758
56, 60, 910, 0, 51.766
56, 60, 910, 0, 51.773
56, 60, 910, 0, 51.780
56, 60, 910, 0, 51.788
56, 60, 910, 0, 51.797
56, 60, 910, 0, 51.804
56, 60, 910, 0, 51.812
56, 60, 910, 0, 51.819
56, 60, 910, 0, 51.828
56, 60, 910, 0, 51.835
56, 60, 910, 0, 51.842
56, 60, 910, 0, 51.850
56, 60, 910, 0, 51.857
56, 60, 910, 0, 51.865
56, 60, 910, 0, 51.872
56, 60, 910, 0, 51.881
56, 60, 910, 0, 51.889
56, 60, 910, 0, 51.896
56, 60, 910, 0, 51.903
56, 60, 910, 0, 51.912
56, 60, 910, 0, 51.920
56, 60, 910, 0, 51.926
56, 60, 910, 0, 51.933
56, 60, 910, 0, 51.942
56, 60, 910, 0, 51.950
56, 60, 910, 0, 51.957
56, 60, 910, 0, 51.965
56, 60, 910, 0, 51.973
56, 60, 910, 0, 51.980
56, 60, 910, 0, 51.989
56, 60, 910, 0, 51.996
56, 60, 910, 0, 52.004
56, 60, 910, 0, 52.012
56, 60, 910, 0, 52.018
56, 60, 910, 0, 52.027
56, 60, 910, 0, 52.035
56, 60, 910, 0, 52.042
56, 60, 910, 0, 52.050
56, 60, 910, 0, 52.058
56, 60, 910, 0, 52.065
56, 60, 910, 0, 52.073
56, 60, 910, 0, 52.080
56, 60, 910, 0, 52.087
56, 60, 910, 0, 52.095
56, 60, 910, 0, 52.103
56, 60, 910, 0, 52.111
56, 60, 910, 0, 52.119
56, 60, 898, 0, 52.127
56, 60, 898, 0, 52.134
56, 60, 898, 0, 52.142
56, 60, 898, 0, 52.150
56, 60, 898, 0, 52.157
56, 60, 898, 0, 52.164
56, 60, 898, 0, 52.173
56, 60, 898, 0, 52.179
56, 60, 898, 0, 52.188
56, 60, 898, 0, 52.196
56, 60, 886, 0, 52.204
56, 60, 886, 0, 52.211
56, 60, 886, 0, 52.218
56, 60, 886, 0, 52.226
56, 60, 886, 0, 52.233
56, 60, 886, 0, 52.242
56, 60, 886, 0, 52.248
56, 60, 886, 0, 52.256
56, 60, 886, 0, 52.264
56, 60, 886, 0, 52.273
56, 60, 886, 0, 52.280
56, 60, 886, 0, 52.287
56, 60, 886, 0, 52.295
56, 60, 886, 0, 52.302
56, 60, 886, 0, 52.311
56, 60, 886, 0, 52.318
56, 60, 886, 0, 52.325
56, 60, 886, 0, 52.334
56, 60, 886, 0, 52.342
56, 60, 886, 0, 52.349
56, 60, 886, 0, 52.356
56, 60, 886, 0, 52.365
56, 60, 886, 0, 52.371
56, 60, 886, 0, 52.380
56, 60, 886, 0, 52.388
56, 60, 886, 0, 52.395
56, 60, 886, 0, 52.403
56, 60, 886, 0, 52.411
56, 60, 886, 0, 52.418
56, 60, 886, 0, 52.426
56, 60, 886, 0, 52.433
56, 60, 886, 0, 52.441
56, 60, 886, 0, 52.449
56, 60, 886, 0, 52.457
56, 60, 886, 0, 52.464
56, 60, 886, 0, 52.472
56, 60, 886, 0, 52.480
56, 60, 886, 0, 52.486
56, 60, 886, 0, 52.495
56, 60, 886, 0, 52.503
56, 60, 886, 0, 52.510
56, 60, 886, 0, 52.518
56, 60, 886, 0, 52.526
56, 60, 886, 0, 52.534
56, 60, 886, 0, 52.540
56, 60, 886, 0, 52.548
56, 60, 886, 0, 52.557
56, 60, 886, 0, 52.563
56, 60, 886, 0, 52.571
56, 60, 886, 0, 52.580
56, 60, 886, 0, 52.586
56, 60, 886, 0, 52.595
56, 60, 886, 0, 52.602
56, 60, 886, 0, 52.610
56, 60, 886, 0, 52.617
56, 60, 886, 0, 52.626
56, 60, 886, 0, 52.633
56, 60, 886, 0, 52.641
56, 60, 886, 0, 52.649
56, 60, 886, 0, 52.655
56, 60, 886, 0, 52.664
56, 60, 886, 0, 52.671
56, 60, 874, 0, 52.679
56, 60, 874, 0, 52.686
56, 60, 874, 0, 52.694
56, 60, 874, 0, 52.701
56, 60, 874, 0, 52.710
56, 60, 874, 0, 52.718
56, 60, 874, 0, 52.724
56, 60, 874, 0, 52.733
56, 60, 874, 0, 52.740
56, 60, 874, 0, 52.749
56, 60, 874, 0, 52.755
56, 60, 886, 0, 52.764
56, 60, 886, 0, 52.772
56, 60, 886, 0, 52.779
56, 60, 886, 0, 52.786
56, 60, 886, 0, 52.795
56, 60, 886, 0, 52.802
56, 60, 886, 0, 52.809
56, 60, 886, 0, 52.817
56, 60, 886, 0, 52.824
56, 60, 886, 0, 52.833
56, 60, 886, 0, 52.839
56, 60, 886, 0, 52.848
56, 60, 874, 0, 52.855
56, 60, 874, 0, 52.863
56, 60, 874, 0, 52.870
56, 60, 874, 0, 52.879
56, 60, 874, 0, 52.887
56, 60, 874, 0, 52.893
56, 60, 886, 0, 52.901
56, 60, 886, 0, 52.909
56, 60, 886, 0, 52.917
56, 60, 886, 0, 52.924
56, 60, 886, 0, 52.932
56, 60, 874, 0, 52.940
56, 60, 874, 0, 52.948
56, 60, 874, 0, 52.956
56, 60, 874, 0, 52.962
56, 59, 874, 0, 52.971
56, 59, 874, 0, 52.979
56, 59, 874, 0, 52.985
56, 59, 874, 0, 52.994
56, 59, 874, 0, 53.001
56, 59, 874, 0, 53.009
56, 59, 866, 0, 53.017
56, 59, 866, 0, 53.025
56, 59, 866, 0, 53.032
56, 59, 866, 0, 53.040
56, 59, 866, 0, 53.048
56, 59, 874, 0, 53.055
56, 59, 874, 0, 53.063
56, 59, 874, 0, 53.070
56, 59, 874, 0, 53.078
56, 59, 874, 0, 53.085
56, 59, 874, 0, 53.093
56, 59, 874, 0, 53.101
56, 59, 874, 0, 53.109
56, 59, 874, 0, 53.117
56, 59, 866, 0, 53.124
56, 59, 866, 0, 53.132
56, 59, 866, 0, 53.140
56, 59, 866, 0, 53.147
56, 59, 866, 0, 53.154
56, 59, 866, 0, 53.163
56, 59, 866, 0, 53.169
56, 59, 866, 0, 53.177
56, 59, 866, 0, 53.184
56, 59, 866, 0, 53.192
56, 59, 866, 0, 53.201
56, 59, 866, 0, 53.209
56, 59, 866, 0, 53.217
56, 59, 866, 0, 53.223
56, 59, 866, 0, 53.231
56, 59, 866, 0, 53.240
56, 59, 866, 0, 53.247
56, 59, 866, 0, 53.254
56, 59, 866, 0, 53.263
56, 59, 866, 0, 53.269
56, 59, 866, 0, 53.278
56, 59, 866, 0, 53.285
56, 59, 866, 0, 53.293
56, 59, 866, 0, 53.300
56, 59, 866, 0, 53.308
56, 59, 874, 0, 53.315
56, 59, 874, 0, 53.323
56, 59, 874, 0, 53.331
56, 59, 874, 0, 53.339
56, 59, 874, 0, 53.346
56, 59, 874, 0, 53.355
56, 59, 874, 0, 53.362
56, 59, 874, 0, 53.370
56, 59, 874, 0, 53.377
56, 59, 874, 0, 53.385
56, 59, 874, 0, 53.393
56, 59, 874, 0, 53.401
56, 59, 874, 0, 53.407
56, 59, 874, 0, 53.416
56, 59, 874, 0, 53.424
56, 59, 866, 0, 53.431
56, 59, 866, 0, 53.438
56, 59, 874, 0, 53.446
56, 59, 874, 0, 53.453
56, 59, 874, 0, 53.462
56, 59, 874, 0, 53.470
56, 59, 886, 0, 53.476
56, 59, 886, 0, 53.483
56, 59, 886, 0, 53.493
56, 59, 886, 0, 53.499
56, 59, 874, 0, 53.507
56, 59, 874, 0, 53.515
56, 59, 874, 0, 53.522
56, 59, 874, 0, 53.531
56, 59, 874, 0, 53.539
56, 59, 874, 0, 53.547
56, 59, 886, 0, 53.554
56, 59, 886, 0, 53.561
56, 59, 886, 0, 53.570
56, 59, 886, 0, 53.577
56, 59, 886, 0, 53.584
56, 59, 886, 0, 53.593
56, 59, 886, 0, 53.600
56, 59, 886, 0, 53.608
56, 59, 886, 0, 53.616
56, 59, 886, 0, 53.623
56, 59, 886, 0, 53.631
56, 59, 874, 0, 53.638
56, 59, 874, 0, 53.646
56, 59, 874, 0, 53.654
56, 59, 874, 0, 53.662
56, 59, 874, 0, 53.668
56, 59, 874, 0, 53.677
56, 59, 886, 0, 53.684
56, 59, 886, 0, 53.692
56, 59, 886, 0, 53.700
56, 59, 886, 0, 53.708
56, 59, 886, 0, 53.714
56, 59, 886, 0, 53.722
56, 59, 886, 0, 53.731
56, 59, 886, 0, 53.737
56, 59, 886, 0, 53.746
56, 59, 874, 0, 53.753
56, 59, 874, 0, 53.761
56, 59, 874, 0, 53.769
56, 59, 874, 0, 53.777
56, 59, 874, 0, 53.783
56, 59, 874, 0, 53.791
56, 59, 874, 0, 53.799
56, 59, 874, 0, 53.806
56, 59, 874, 0, 53.815
56, 59, 874, 0, 53.823
56, 59, 874, 0, 53.830
56, 59, 886, 0, 53.838
56, 59, 886, 0, 53.846
56, 59, 886, 0, 53.852
56, 59, 886, 0, 53.860
56, 59, 886, 0, 53.868
56, 59, 886, 0, 53.876
56, 59, 886, 0, 53.884
56, 59, 886, 0, 53.892
56, 59, 874, 0, 53.899
56, 59, 874, 0, 53.907
56, 59, 874, 0, 53.915
56, 59, 874, 0, 53.923
56, 59, 874, 0, 53.930
56, 59, 874, 0, 53.938
56, 59, 874, 0, 53.946
56, 59, 874, 0, 53.952
56, 59, 874, 0, 53.961
56, 59, 874, 0, 53.969
56, 59, 886, 0, 53.975
56, 59, 886, 0, 53.984
56, 59, 886, 0, 53.992
56, 59, 886, 0, 53.998
56, 59, 886, 0, 54.007
56, 59, 886, 0, 54.015
56, 59, 886, 0, 54.022
56, 59, 886, 0, 54.030
56, 59, 886, 0, 54.038
56, 59, 886, 0, 54.044
56, 59, 886, 0, 54.053
56, 59, 886, 0, 54.060
56, 59, 886, 0, 54.067
56, 59, 886, 0, 54.075
56, 59, 886, 0, 54.083
56, 59, 886, 0, 54.091
56, 59, 886, 0, 54.098
56, 59, 886, 0, 54.106
56, 59, 886, 0, 54.114
56, 59, 886, 0, 54.122
56, 59, 886, 0, 54.130
56, 59, 886, 0, 54.136
56, 59, 886, 0, 54.145
56, 59, 886, 0, 54.152
56, 59, 886, 0, 54.159
56, 59, 886, 0, 54.167
56, 59, 886, 0, 54.176
56, 59, 886, 0, 54.182
56, 59, 886, 0, 54.191
56, 59, 886, 0, 54.198
56, 59, 886, 0, 54.205
56, 59, 886, 0, 54.213
56, 59, 886, 0, 54.222
56, 59, 886, 0, 54.228
56, 59, 886, 0, 54.236
56, 59, 886, 0, 54.245
56, 59, 886, 0, 54.251
56, 59, 886, 0, 54.259
56, 59, 886, 0, 54.268
56, 59, 886, 0, 54.275
56, 59, 886, 0, 54.283
56, 59, 886, 0, 54.291
56, 59, 886, 0, 54.298
56, 59, 886, 0, 54.306
56, 59, 886, 0, 54.313
56, 59, 886, 0, 54.321
56, 59, 886, 0, 54.329
56, 59, 886, 0, 54.336
56, 59, 886, 0, 54.344
56, 59, 886, 0, 54.351
56, 59, 886, 0, 54.360
56, 59, 886, 0, 54.368
56, 59, 886, 0, 54.375
56, 59, 886, 0, 54.383
56, 59, 886, 0, 54.391
56, 59, 886, 0, 54.398
56, 59, 886, 0, 54.406
56, 59, 886, 0, 54.414
56, 59, 874, 0, 54.421
56, 59, 874, 0, 54.429
56, 59, 874, 0, 54.437
56, 59, 866, 0, 54.444
56, 59, 866, 0, 54.452
56, 59, 866, 0, 54.460
56, 59, 866, 0, 54.466
56, 59, 866, 0, 54.474
56, 59, 866, 0, 54.482
56, 59, 866, 0, 54.490
56, 59, 866, 0, 54.497
56, 59, 866, 0, 54.505
56, 59, 866, 0, 54.513
56, 59, 866, 0, 54.520
56, 59, 866, 0, 54.529
56, 59, 866, 0, 54.535
56, 59, 866, 0, 54.544
56, 59, 866, 0, 54.551
56, 59, 866, 0, 54.559
56, 59, 866, 0, 54.567
56, 59, 866, 0, 54.574
56, 59, 866, 0, 54.582
56, 59, 866, 0, 54.589
56, 59, 866, 0, 54.597
56, 59, 866, 0, 54.604
56, 59, 866, 0, 54.612
56, 59, 866, 0, 54.620
56, 59, 866, 0, 54.627
56, 59, 866, 0, 54.636
56, 59, 866, 0, 54.643
56, 59, 866, 0, 54.650
56, 59, 866, 0, 54.659
56, 59, 866, 0, 54.667
56, 59, 866, 0, 54.674
56, 59, 866, 0, 54.682
56, 59, 866, 0, 54.690
56, 59, 866, 0, 54.697
56, 59, 866, 0, 54.705
56, 59, 866, 0, 54.713
56, 59, 866, 0, 54.721
56, 59, 866, 0, 54.728
56, 59, 866, 0, 54.735
56, 59, 866, 0, 54.744
56, 59, 866, 0, 54.751
56, 59, 866, 0, 54.759
56, 59, 866, 0, 54.767
56, 59, 866, 0, 54.774
56, 59, 866, 0, 54.781
56, 59, 866, 0, 54.790
56, 59, 866, 0, 54.797
56, 59, 866, 0, 54.805
56, 59, 866, 0, 54.813
56, 59, 866, 0, 54.819
56, 59, 866, 0, 54.827
56, 59, 866, 0, 54.836
56, 59, 866, 0, 54.843
56, 59, 866, 0, 54.851
56, 59, 866, 0, 54.859
56, 59, 866, 0, 54.865
56, 59, 866, 0, 54.873
56, 59, 866, 0, 54.882
56, 59, 866, 0, 54.889
56, 59, 866, 0, 54.897
56, 59, 866, 0, 54.905
56, 59, 866, 0, 54.911
56, 59, 866, 0, 54.919
56, 59, 866, 0, 54.928
56, 59, 866, 0, 54.934
56, 59, 866, 0, 54.943
56, 59, 866, 0, 54.950
56, 59, 866, 0, 54.959
56, 59, 866, 0, 54.966
56, 59, 866, 0, 54.974
56, 59, 866, 0, 54.982
56, 59, 866, 0, 54.989
56, 59, 866, 0, 54.997
56, 59, 866, 0, 55.004
56, 59, 866, 0, 55.012
56, 59, 866, 0, 55.019
56, 59, 866, 0, 55.026
56, 59, 866, 0, 55.035
56, 59, 866, 0, 55.043
56, 59, 866, 0, 55.051
56, 59, 866, 0, 55.058
56, 59, 866, 0, 55.066
56, 59, 866, 0, 55.074
56, 59, 866, 0, 55.081
56, 59, 866, 0, 55.088
56, 59, 866, 0, 55.097
56, 59, 866, 0, 55.104
56, 59, 866, 0, 55.112
56, 59, 866, 0, 55.119
56, 59, 866, 0, 55.127
56, 59, 866, 0, 55.134
56, 59, 866, 0, 55.143
56, 59, 866, 0, 55.150
56, 59, 866, 0, 55.158
56, 59, 866, 0, 55.166
56, 59, 866, 0, 55.172
56, 59, 866, 0, 55.181
56, 59, 866, 0, 55.189
56, 59, 866, 0, 55.196
56, 59, 866, 0, 55.204
56, 59, 866, 0, 55.211
56, 59, 866, 0, 55.219
56, 59, 866, 0, 55.227
56, 59, 866, 0, 55.234
56, 59, 866, 0, 55.242
56, 59, 866, 0, 55.249
56, 59, 866, 0, 55.257
56, 59, 866, 0, 55.265
56, 59, 866, 0, 55.273
56, 59, 866, 0, 55.281
56, 59, 866, 0, 55.288
56, 59, 866, 0, 55.296
56, 59, 866, 0, 55.304
56, 59, 866, 0, 55.311
56, 59, 874, 0, 55.319
56, 59, 866, 0, 55.327
56, 59, 866, 0, 55.334
56, 59, 866, 0, 55.342
56, 59, 866, 0, 55.350
56, 59, 866, 0, 55.357
56, 59, 866, 0, 55.364
56, 59, 866, 0, 55.373
56, 59, 874, 0, 55.379
56, 59, 874, 0, 55.387
56, 59, 874, 0, 55.395
56, 59, 874, 0, 55.403
56, 59, 886, 0, 55.410
56, 59, 886, 0, 55.419
56, 59, 886, 0, 55.427
56, 59, 886, 0, 55.434
56, 59, 874, 0, 55.442
56, 59, 874, 0, 55.449
56, 59, 874, 0, 55.457
56, 59, 874, 0, 55.464
56, 59, 874, 0, 55.473
56, 59, 874, 0, 55.480
56, 59, 874, 0, 55.488
56, 59, 866, 0, 55.496
56, 59, 866, 0, 55.502
56, 59, 866, 0, 55.510
56, 59, 866, 0, 55.518
56, 59, 866, 0, 55.525
56, 59, 866, 0, 55.533
56, 59, 866, 0, 55.541
56, 59, 866, 0, 55.549
56, 59, 866, 0, 55.557
56, 59, 866, 0, 55.565
56, 59, 866, 0, 55.571
56, 59, 866, 0, 55.580
56, 59, 866, 0, 55.588
56, 59, 866, 0, 55.595
56, 59, 866, 0, 55.602
56, 59, 866, 0, 55.611
56, 59, 866, 0, 55.618
56, 59, 866, 0, 55.626
56, 59, 866, 0, 55.633
56, 59, 866, 0, 55.641
56, 59, 866, 0, 55.649
56, 59, 866, 0, 55.657
56, 59, 866, 0, 55.663
56, 59, 866, 0, 55.672
56, 59, 866, 0, 55.680
56, 59, 866, 0, 55.686
56, 59, 866, 0, 55.694
56, 59, 866, 0, 55.702
56, 59, 866, 0, 55.711
56, 59, 866, 0, 55.718
56, 59, 866, 0, 55.726
56, 59, 866, 0, 55.734
56, 59, 866, 0, 55.741
56, 59, 866, 0, 55.749
56, 59, 866, 0, 55.755
56, 59, 866, 0, 55.763
56, 59, 866, 0, 55.772
56, 59, 866, 0, 55.779
56, 59, 866, 0, 55.786
56, 59, 866, 0, 55.795
56, 59, 866, 0, 55.803
56, 59, 866, 0, 55.810
56, 59, 866, 0, 55.818
56, 59, 866, 0, 55.826
56, 59, 866, 0, 55.832
56, 59, 866, 0, 55.841
56, 59, 866, 0, 55.848
56, 59, 866, 0, 55.855
56, 59, 866, 0, 55.864
56, 59, 866, 0, 55.872
56, 59, 866, 0, 55.879
56, 59, 866, 0, 55.887
56, 59, 866, 0, 55.895
56, 59, 866, 0, 55.901
56, 59, 866, 0, 55.909
56, 59, 866, 0, 55.918
56, 59, 866, 0, 55.925
56, 59, 866, 0, 55.933
56, 59, 866, 0, 55.941
56, 59, 866, 0, 55.948
56, 59, 866, 0, 55.956
56, 59, 866, 0, 55.964
56, 59, 866, 0, 55.971
56, 59, 866, 0, 55.979
56, 59, 866, 0, 55.986
56, 59, 866, 0, 55.994
56, 59, 866, 0, 56.001
56, 59, 866, 0, 56.009
56, 59, 866, 0, 56.016
56, 59, 866, 0, 56.025
56, 59, 866, 0, 56.033
56, 59, 866, 0, 56.040
56, 59, 866, 0, 56.048
56, 59, 866, 0, 56.056
56, 59, 866, 0, 56.063
56, 59, 866, 0, 56.071
56, 59, 866, 0, 56.079
56, 59, 866, 0, 56.086
56, 59, 866, 0, 56.093
56, 59, 866, 0, 56.102
56, 59, 866, 0, 56.108
56, 59, 866, 0, 56.116
56, 59, 866, 0, 56.124
56, 59, 866, 0, 56.130
56, 59, 866, 0, 56.140
56, 59, 866, 0, 56.148
56, 59, 866, 0, 56.156
56, 59, 866, 0, 56.162
56, 59, 866, 0, 56.171
56, 59, 866, 0, 56.179
56, 59, 866, 0, 56.185
56, 59, 866, 0, 56.194
56, 59, 866, 0, 56.202
56, 59, 866, 0, 56.209
56, 59, 866, 0, 56.216
56, 59, 866, 0, 56.225
56, 59, 866, 0, 56.232
56, 59, 866, 0, 56.240
56, 59, 866, 0, 56.248
56, 59, 866, 0, 56.255
56, 59, 866, 0, 56.263
56, 59, 866, 0, 56.271
56, 59, 866, 0, 56.278
56, 59, 866, 0, 56.285
56, 59, 866, 0, 56.293
56, 59, 866, 0, 56.300
56, 59, 866, 0, 56.309
56, 59, 866, 0, 56.316
56, 59, 866, 0, 56.323
56, 59, 866, 0, 56.331
56, 59, 866, 0, 56.339
56, 59, 866, 0, 56.346
56, 59, 854, 0, 56.354
56, 59, 854, 0, 56.363
56, 59, 854, 0, 56.369
56, 59, 842, 0, 56.378
56, 59, 842, 0, 56.386
56, 59, 842, 0, 56.393
56, 59, 842, 0, 56.401
56, 59, 842, 0, 56.409
56, 59, 842, 0, 56.416
56, 59, 842, 0, 56.423
56, 59, 842, 0, 56.432
56, 59, 842, 0, 56.440
56, 59, 842, 0, 56.447
56, 59, 842, 0, 56.455
56, 59, 842, 0, 56.462
56, 59, 842, 0, 56.470
56, 59, 842, 0, 56.477
56, 59, 842, 0, 56.485
56, 59, 842, 0, 56.493
56, 59, 842, 0, 56.501
56, 59, 842, 0, 56.509
56, 59, 842, 0, 56.516
56, 59, 842, 0, 56.524
56, 59, 842, 0, 56.530
56, 59, 842, 0, 56.538
56, 59, 842, 0, 56.547
56, 59, 854, 0, 56.555
56, 59, 854, 0, 56.561
56, 59, 854, 0, 56.569
56, 59, 854, 0, 56.577
56, 59, 854, 0, 56.585
56, 59, 854, 0, 56.592
56, 59, 854, 0, 56.601
56, 59, 854, 0, 56.608
56, 59, 854, 0, 56.616
56, 59, 854, 0, 56.624
56, 59, 854, 0, 56.631
56, 59, 842, 0, 56.639
56, 59, 854, 0, 56.647
56, 59, 842, 0, 56.654
56, 59, 842, 0, 56.662
56, 59, 842, 0, 56.670
56, 59, 842, 0, 56.677
56, 59, 842, 0, 56.685
56, 59, 842, 0, 56.693
56, 59, 842, 0, 56.700
56, 59, 842, 0, 56.708
56, 59, 842, 0, 56.716
56, 59, 842, 0, 56.723
56, 59, 842, 0, 56.730
56, 59, 842, 0, 56.740
56, 59, 842, 0, 56.745
56, 59, 842, 0, 56.753
56, 59, 842, 0, 56.762
56, 59, 842, 0, 56.769
56, 59, 842, 0, 56.777
56, 59, 842, 0, 56.785
56, 59, 842, 0, 56.792
56, 59, 842, 0, 56.800
56, 59, 842, 0, 56.808
56, 59, 842, 0, 56.816
56, 59, 842, 0, 56.822
56, 59, 842, 0, 56.830
56, 59, 842, 0, 56.839
56, 59, 842, 0, 56.846
56, 59, 842, 0, 56.854
56, 59, 842, 0, 56.861
56, 59, 842, 0, 56.868
56, 59, 842, 0, 56.877
56, 59, 842, 0, 56.885
56, 59, 842, 0, 56.891
56, 59, 842, 0, 56.900
56, 59, 842, 0, 56.907
56, 59, 842, 0, 56.915
56, 59, 842, 0, 56.923
56, 59, 842, 0, 56.931
56, 59, 842, 0, 56.938
56, 59, 842, 0, 56.945
56, 59, 842, 0, 56.953
56, 59, 842, 0, 56.961
56, 59, 830, 0, 56.969
56, 59, 830, 0, 56.976
56, 59, 830, 0, 56.984
56, 59, 822, 0, 56.991
56, 59, 822, 0, 57.000
56, 59, 822, 0, 57.007
56, 59, 822, 0, 57.015
56, 59, 822, 0, 57.023
56, 59, 822, 0, 57.030
56, 59, 822, 0, 57.038
56, 59, 822, 0, 57.046
56, 59, 822, 0, 57.052
56, 59, 822, 0, 57.061
56, 59, 822, 0, 57.068
56, 59, 822, 0, 57.076
56, 59, 822, 0, 57.084
56, 59, 822, 0, 57.092
56, 59, 822, 0, 57.099
56, 59, 810, 0, 57.107
56, 59, 810, 0, 57.114
56, 59, 810, 0, 57.122
56, 59, 810, 0, 57.130
56, 59, 810, 0, 57.138
56, 59, 810, 0, 57.145
56, 59, 810, 0, 57.152
56, 59, 822, 0, 57.161
56, 59, 822, 0, 57.168
56, 59, 810, 0, 57.176
56, 59, 810, 0, 57.183
56, 59, 810, 0, 57.191
56, 59, 810, 0, 57.199
56, 59, 810, 0, 57.207
56, 59, 810, 0, 57.214
56, 59, 810, 0, 57.222
56, 59, 810, 0, 57.229
56, 59, 810, 0, 57.238
56, 59, 810, 0, 57.244
56, 59, 810, 0, 57.253
56, 59, 810, 0, 57.261
56, 59, 810, 0, 57.268
56, 59, 810, 0, 57.276
56, 59, 810, 0, 57.284
56, 60, 798, 0, 57.292
56, 60, 798, 0, 57.299
56, 60, 798, 0, 57.307
56, 60, 798, 0, 57.314
56, 60, 798, 0, 57.321
56, 60, 798, 0, 57.331
56, 60, 798, 0, 57.336
56, 60, 786, 0, 57.345
56, 60, 786, 0, 57.352
56, 60, 786, 0, 57.360
56, 60, 778, 0, 57.368
56, 60, 766, 0, 57.376
56, 60, 766, 0, 57.382
56, 60, 754, 0, 57.390
56, 60, 742, 0, 57.399
56, 60, 730, 0, 57.406
56, 60, 722, 0, 57.414
56, 60, 710, 0, 57.421
56, 60, 686, 0, 57.429
56, 61, 677, 0, 57.436
56, 61, 641, 0, 57.445
56, 61, 621, 0, 57.451
56, 61, 577, 0, 57.460
56, 62, 541, 0, 57.468
57, 62, 485, 0, 57.475
57, 63, 433, 0, 57.483
57, 63, 365, 0, 57.491
57, 63, 288, 0, 57.498
57, 64, 208, 0, 57.506
58, 64, 120, 0, 57.514
58, 64, 44, 0, 57.521
58, 65, 0, 0, 57.529
58, 65, 0, 0, 57.536
58, 65, 0, 0, 57.543
58, 65, 0, 10068, 57.552
57, 65, 0, 10132, 57.560
57, 65, 0, 11317, 57.567
57, 65, 0, 12437, 57.574
57, 64, 0, 12837, 57.583
57, 63, 0, 13814, 57.590
58, 62, 0, 14838, 57.598
58, 61, 0, 16119, 57.606
58, 59, 0, 16855, 57.613
58, 57, 0, 17335, 57.621
59, 56, 0, 17800, 57.629
59, 54, 0, 18040, 57.637
60, 53, 0, 18072, 57.644
60, 53, 0, 18024, 57.652
60, 52, 0, 18024, 57.660
61, 52, 0, 17896, 57.666
61, 52, 0, 17832, 57.675
62, 52, 0, 17752, 57.683
62, 53, 0, 17816, 57.691
63, 54, 0, 17880, 57.698
63, 55, 0, 18040, 57.706
64, 57, 0, 18152, 57.713
64, 59, 0, 18232, 57.721
64, 62, 0, 18360, 57.729
65, 65, 0, 18408, 57.737
65, 69, 0, 18568, 57.744
65, 72, 0, 18808, 57.752
66, 76, 0, 18792, 57.760
66, 80, 0, 18696, 57.766
66, 83, 0, 18744, 57.775
67, 87, 0, 18664, 57.782
67, 90, 0, 18472, 57.791
67, 93, 0, 18440, 57.798
67, 95, 0, 18520, 57.805
67, 97, 0, 18536, 57.813
67, 98, 0, 18504, 57.821
68, 98, 0, 18536, 57.829
68, 98, 0, 18584, 57.835
68, 98, 0, 18536, 57.844
68, 98, 0, 18520, 57.851
68, 97, 0, 18584, 57.859
68, 95, 0, 18632, 57.867
68, 94, 0, 18792, 57.874
68, 91, 0, 19000, 57.881
68, 89, 0, 19016, 57.890
68, 86, 0, 19256, 57.898
68, 83, 0, 19849, 57.905
69, 80, 0, 20057, 57.913
69, 78, 0, 20233, 57.920
70, 76, 0, 20025, 57.927
70, 75, 0, 19913, 57.935
71, 75, 0, 19721, 57.943
72, 75, 0, 19592, 57.951
73, 75, 0, 19705, 57.959
73, 76, 0, 19817, 57.965
74, 77, 0, 19833, 57.974
75, 79, 0, 19865, 57.982
76, 80, 0, 19929, 57.990
76, 82, 0, 19849, 57.997
77, 84, 0, 19673, 58.005
77, 86, 0, 19208, 58.013
78, 88, 0, 19016, 58.019
78, 90, 0, 18904, 58.028
78, 92, 0, 18888, 58.036
79, 94, 0, 18920, 58.043
79, 96, 0, 18984, 58.050
79, 97, 0, 18968, 58.058
80, 98, 0, 19000, 58.065
80, 98, 0, 18968, 58.074
80, 98, 0, 18936, 58.082
80, 98, 0, 18872, 58.090
80, 98, 0, 18728, 58.097
80, 98, 0, 18488, 58.105
80, 97, 0, 18376, 58.112
80, 96, 0, 18520, 58.120
80, 95, 0, 18808, 58.128
80, 92, 0, 19320, 58.135
80, 90, 0, 20073, 58.143
79, 87, 0, 20905, 58.151
79, 83, 0, 21481, 58.158
79, 79, 0, 21753, 58.166
79, 76, 0, 21769, 58.174
79, 72, 0, 21689, 58.181
79, 69, 0, 21593, 58.189
79, 66, 0, 21529, 58.197
79, 64, 0, 21273, 58.203
79, 62, 0, 20953, 58.212
79, 61, 0, 20649, 58.220
79, 61, 0, 19640, 58.228
79, 61, 0, 16919, 58.234
80, 62, 0, 14438, 58.243
80, 63, 0, 12789, 58.251
80, 64, 0, 10740, 58.258
80, 65, 0, 10612, 58.266
81, 65, 0, 10756, 58.272
81, 65, 0, 11013, 58.281
81, 65, 0, 11509, 58.289
82, 64, 0, 12661, 58.296
82, 63, 0, 14598, 58.304
82, 62, 0, 15655, 58.311
83, 60, 0, 16119, 58.319
83, 59, 0, 16423, 58.327
83, 57, 0, 16631, 58.334
83, 56, 0, 16599, 58.343
84, 55, 0, 16263, 58.351
84, 55, 0, 15254, 58.358
84, 55, 0, 13702, 58.366
84, 56, 0, 10052, 58.373
84, 57, 0, 7475, 58.382
84, 57, 0, 0, 58.390
84, 61, 0, 0, 58.396
84, 63, 20, 0, 58.405
84, 66, 52, 0, 58.412
84, 68, 64, 0, 58.419
85, 70, 52, 0, 58.427
85, 72, 40, 0, 58.435
85, 74, 8, 0, 58.442
85, 75, 0, 0, 58.450
85, 75, 0, 0, 58.458
85, 76, 0, 0, 58.465
85, 76, 0, 13174, 58.473
85, 76, 0, 13430, 58.481
85, 74, 0, 12757, 58.488
85, 73, 0, 13190, 58.496
85, 71, 0, 13942, 58.503
85, 69, 0, 15270, 58.511
86, 66, 0, 16455, 58.518
86, 64, 0, 17175, 58.527
87, 61, 0, 17383, 58.533
87, 59, 0, 17367, 58.541
88, 58, 0, 16919, 58.549
88, 58, 0, 16119, 58.557
89, 58, 0, 15046, 58.565
90, 58, 0, 14902, 58.572
91, 59, 0, 14982, 58.581
92, 61, 0, 14934, 58.587
92, 62, 0, 14502, 58.596
93, 64, 0, 14246, 58.603
94, 66, 0, 14198, 58.611
94, 67, 0, 14166, 58.619
95, 68, 0, 14214, 58.625
96, 69, 0, 14198, 58.634
96, 69, 0, 14454, 58.641
97, 69, 0, 14966, 58.649
98, 68, 0, 16631, 58.656
98, 67, 0, 18040, 58.665
99, 66, 0, 19320, 58.672
99, 64, 0, 20249, 58.680
100, 63, 0, 20425, 58.688
101, 61, 0, 20377, 58.696
101, 60, 0, 20249, 58.704
102, 60, 0, 19849, 58.711
103, 60, 0, 18952, 58.718
104, 60, 0, 18392, 58.725
105, 61, 0, 18168, 58.734
105, 63, 0, 18120, 58.742
106, 64, 0, 18152, 58.749
107, 67, 0, 18216, 58.757
108, 69, 0, 18312, 58.765
108, 72, 0, 18296, 58.771
109, 75, 0, 18264, 58.780
109, 78, 0, 17944, 58.787
110, 81, 0, 17175, 58.795
110, 83, 0, 16775, 58.802
111, 85, 0, 16631, 58.811
111, 86, 0, 16759, 58.818
112, 87, 0, 16871, 58.826
112, 87, 0, 17079, 58.834
113, 87, 0, 17512, 58.841
113, 86, 0, 18104, 58.849
113, 85, 0, 18984, 58.857
113, 83, 0, 19785, 58.864
114, 81, 0, 20137, 58.872
114, 79, 0, 20425, 58.880
114, 77, 0, 20601, 58.887
114, 74, 0, 20713, 58.895
114, 72, 0, 20665, 58.902
114, 70, 0, 20729, 58.909
115, 69, 0, 20777, 58.918
115, 68, 0, 20857, 58.926
115, 67, 0, 20857, 58.932
115, 67, 0, 20825, 58.941
115, 67, 0, 20825, 58.949
114, 68, 0, 21017, 58.955
114, 69, 0, 21001, 58.964
114, 72, 0, 20649, 58.972
113, 75, 0, 19673, 58.980
113, 78, 0, 18120, 58.986
112, 82, 0, 15463, 58.995
112, 86, 0, 13334, 59.003
112, 89, 0, 13029, 59.011
112, 92, 0, 13830, 59.018
113, 95, 0, 15655, 59.025
113, 97, 0, 17864, 59.033
115, 99, 0, 20057, 59.041
116, 101, 0, 21978, 59.049
118, 103, 0, 23754, 59.056
121, 105, 0, 24251, 59.064
124, 107, 0, 24475, 59.072
127, 109, 0, 24507, 59.079
130, 111, 0, 23338, 59.087
133, 113, 0, 16087, 59.095
133, 113, 0, 0, 59.102
139, 116, 104, 0, 59.110
141, 116, 240, 0, 59.118
143, 117, 405, 0, 59.125
145, 117, 577, 0, 59.133
145, 116, 730, 0, 59.140
145, 116, 858, 0, 59.148
145, 116, 950, 0, 59.156
145, 116, 1023, 0, 59.163
145, 116, 1023, 0, 59.170
145, 116, 1023, 0, 59.179
145, 116, 1023, 0, 59.192
145, 116, 1023, 0, 59.199
145, 116, 1023, 0, 59.215
145, 116, 1023, 0, 59.223
145, 116, 1023, 0, 59.229
145, 116, 1023, 0, 59.235
145, 116, 1023, 0, 59.243
145, 116, 1023, 0, 59.249
145, 116, 1023, 0, 59.256
145, 116, 1023, 0, 59.263
145, 116, 1023, 0, 59.268
145, 116, 1023, 0, 59.276
145, 116, 1023, 0, 59.283
