67, 47, 1023, 0, 14.776
67, 47, 1023, 0, 14.777
67, 47, 1023, 0, 14.778
67, 47, 1023, 0, 14.785
67, 47, 1023, 0, 14.792
67, 47, 1023, 0, 14.800
67, 47, 1023, 0, 14.807
67, 47, 1023, 0, 14.814
67, 47, 1023, 0, 14.822
67, 47, 1023, 0, 14.830
67, 47, 1023, 0, 14.837
67, 48, 1023, 0, 14.845
67, 48, 1023, 0, 14.853
67, 48, 1023, 0, 14.860
67, 48, 1023, 0, 14.868
67, 48, 1023, 0, 14.876
67, 48, 1023, 0, 14.883
67, 48, 1023, 0, 14.891
67, 48, 1023, 0, 14.899
67, 48, 1023, 0, 14.906
67, 48, 1023, 0, 14.914
67, 48, 1023, 0, 14.922
67, 48, 1023, 0, 14.929
67, 48, 1023, 0, 14.937
67, 48, 1023, 0, 14.946
67, 48, 1023, 0, 14.952
67, 48, 1023, 0, 14.961
67, 48, 1023, 0, 14.969
67, 48, 1023, 0, 14.976
67, 48, 1023, 0, 14.984
67, 48, 1023, 0, 14.992
67, 48, 1023, 0, 15.000
67, 48, 1023, 0, 15.007
66, 48, 1023, 0, 15.015
66, 48, 1023, 0, 15.023
66, 48, 1023, 0, 15.031
66, 48, 1023, 0, 15.038
66, 48, 1023, 0, 15.045
66, 48, 1023, 0, 15.053
66, 48, 1023, 0, 15.061
66, 48, 1010, 0, 15.069
66, 48, 1010, 0, 15.076
66, 47, 998, 0, 15.084
66, 47, 998, 0, 15.092
66, 47, 986, 0, 15.100
66, 47, 986, 0, 15.106
66, 47, 974, 0, 15.114
66, 47, 962, 0, 15.121
66, 47, 962, 0, 15.130
66, 47, 954, 0, 15.138
66, 47, 942, 0, 15.145
66, 47, 942, 0, 15.152
66, 47, 930, 0, 15.160
66, 47, 918, 0, 15.167
66, 47, 906, 0, 15.175
66, 47, 906, 0, 15.184
66, 47, 898, 0, 15.192
66, 47, 886, 0, 15.199
66, 47, 886, 0, 15.207
66, 47, 874, 0, 15.213
66, 47, 874, 0, 15.223
66, 47, 862, 0, 15.230
67, 47, 862, 0, 15.237
67, 47, 850, 0, 15.245
67, 47, 850, 0, 15.253
67, 47, 850, 0, 15.260
67, 47, 842, 0, 15.268
67, 47, 830, 0, 15.276
67, 47, 830, 0, 15.283
67, 47, 818, 0, 15.291
67, 47, 818, 0, 15.298
67, 47, 806, 0, 15.305
67, 47, 806, 0, 15.314
67, 47, 806, 0, 15.321
67, 47, 794, 0, 15.329
67, 47, 794, 0, 15.336
67, 47, 794, 0, 15.345
67, 47, 794, 0, 15.352
67, 47, 786, 0, 15.360
67, 47, 786, 0, 15.368
67, 47, 786, 0, 15.376
67, 47, 774, 0, 15.382
67, 47, 774, 0, 15.390
67, 47, 774, 0, 15.399
67, 47, 774, 0, 15.406
67, 48, 774, 0, 15.413
67, 48, 762, 0, 15.421
67, 48, 762, 0, 15.429
67, 48, 762, 0, 15.437
67, 48, 750, 0, 15.445
67, 48, 750, 0, 15.451
67, 48, 750, 0, 15.460
67, 48, 750, 0, 15.468
67, 48, 738, 0, 15.474
67, 48, 738, 0, 15.482
67, 48, 738, 0, 15.491
67, 48, 730, 0, 15.498
67, 48, 730, 0, 15.506
67, 48, 718, 0, 15.514
67, 48, 718, 0, 15.521
67, 48, 706, 0, 15.529
67, 48, 706, 0, 15.537
67, 48, 694, 0, 15.544
67, 49, 694, 0, 15.551
67, 49, 682, 0, 15.560
67, 49, 682, 0, 15.568
67, 49, 673, 0, 15.575
67, 49, 661, 0, 15.583
67, 49, 649, 0, 15.590
67, 49, 649, 0, 15.598
67, 49, 637, 0, 15.606
67, 49, 625, 0, 15.613
67, 49, 617, 0, 15.620
67, 50, 605, 0, 15.630
67, 50, 593, 0, 15.636
67, 50, 581, 0, 15.644
67, 50, 569, 0, 15.652
67, 50, 561, 0, 15.659
68, 50, 549, 0, 15.667
68, 51, 537, 0, 15.675
68, 51, 525, 0, 15.683
68, 51, 525, 0, 15.690
68, 51, 525, 0, 15.698
68, 52, 525, 0, 15.706
68, 52, 525, 0, 15.713
68, 52, 525, 0, 15.721
68, 52, 513, 0, 15.728
68, 52, 513, 0, 15.736
68, 52, 513, 0, 15.744
68, 52, 513, 0, 15.751
68, 52, 513, 0, 15.759
68, 52, 513, 0, 15.768
68, 52, 525, 0, 15.775
68, 52, 525, 0, 15.782
68, 52, 525, 0, 15.789
68, 53, 525, 0, 15.797
68, 53, 525, 0, 15.804
68, 53, 525, 0, 15.812
68, 53, 525, 0, 15.820
68, 53, 525, 0, 15.828
68, 53, 525, 0, 15.835
68, 53, 525, 0, 15.845
68, 53, 525, 0, 15.851
68, 53, 525, 0, 15.859
68, 53, 525, 0, 15.867
68, 53, 525, 0, 15.874
68, 53, 525, 0, 15.882
68, 53, 525, 0, 15.890
68, 53, 513, 0, 15.897
68, 53, 513, 0, 15.904
68, 53, 513, 0, 15.912
68, 53, 505, 0, 15.920
68, 53, 505, 0, 15.928
68, 53, 505, 0, 15.935
68, 53, 505, 0, 15.943
68, 53, 505, 0, 15.951
68, 53, 493, 0, 15.959
68, 53, 493, 0, 15.965
68, 53, 493, 0, 15.973
68, 53, 481, 0, 15.981
68, 53, 481, 0, 15.990
68, 53, 469, 0, 15.997
68, 53, 469, 0, 16.005
68, 53, 469, 0, 16.012
68, 53, 457, 0, 16.019
68, 53, 449, 0, 16.029
68, 53, 437, 0, 16.034
68, 53, 413, 0, 16.043
68, 53, 393, 0, 16.051
68, 53, 369, 0, 16.058
68, 53, 336, 0, 16.066
68, 54, 300, 0, 16.074
69, 54, 256, 0, 16.082
69, 54, 212, 0, 16.089
69, 55, 156, 0, 16.097
69, 55, 88, 0, 16.105
69, 55, 20, 0, 16.112
69, 55, 0, 0, 16.121
69, 56, 0, 0, 16.128
69, 56, 0, 0, 16.135
69, 56, 0, 9444, 16.142
69, 56, 0, 9492, 16.150
69, 56, 0, 10420, 16.157
69, 56, 0, 12005, 16.166
68, 57, 0, 13606, 16.174
68, 57, 0, 15286, 16.181
68, 57, 0, 15975, 16.189
68, 57, 0, 16327, 16.197
68, 56, 0, 16519, 16.204
68, 55, 0, 16535, 16.211
67, 54, 0, 16855, 16.220
67, 52, 0, 17383, 16.227
67, 51, 0, 17912, 16.235
68, 49, 0, 18408, 16.243
68, 47, 0, 18904, 16.250
68, 45, 0, 19272, 16.259
69, 43, 0, 19496, 16.266
69, 42, 0, 19705, 16.273
70, 41, 0, 19737, 16.281
70, 40, 0, 19705, 16.289
71, 39, 0, 19689, 16.296
72, 39, 0, 19689, 16.304
72, 38, 0, 19560, 16.312
73, 38, 0, 19480, 16.319
74, 39, 0, 19496, 16.327
75, 39, 0, 19544, 16.334
75, 40, 0, 19592, 16.342
76, 41, 0, 19689, 16.350
76, 43, 0, 19849, 16.358
77, 45, 0, 20025, 16.365
77, 48, 0, 20249, 16.373
78, 51, 0, 20281, 16.381
78, 54, 0, 20457, 16.389
79, 58, 0, 20681, 16.396
79, 61, 0, 20537, 16.404
80, 65, 0, 20585, 16.412
80, 70, 0, 20777, 16.418
80, 74, 0, 20697, 16.427
80, 78, 0, 20569, 16.433
80, 82, 0, 20681, 16.441
80, 86, 0, 20713, 16.450
80, 89, 0, 20649, 16.458
80, 92, 0, 20585, 16.466
80, 94, 0, 20665, 16.472
80, 96, 0, 20793, 16.481
80, 97, 0, 20793, 16.487
79, 98, 0, 20761, 16.496
79, 98, 0, 20793, 16.504
79, 98, 0, 20761, 16.511
79, 98, 0, 20777, 16.518
78, 97, 0, 20809, 16.527
78, 96, 0, 20873, 16.534
78, 94, 0, 20969, 16.542
78, 91, 0, 21257, 16.550
78, 88, 0, 21369, 16.557
78, 86, 0, 21401, 16.565
78, 83, 0, 21449, 16.573
78, 80, 0, 21609, 16.580
79, 79, 0, 21625, 16.588
80, 77, 0, 21497, 16.596
80, 76, 0, 21449, 16.603
81, 76, 0, 21129, 16.612
82, 76, 0, 21017, 16.619
83, 77, 0, 21033, 16.626
84, 78, 0, 21081, 16.634
85, 79, 0, 21081, 16.642
85, 81, 0, 21113, 16.650
86, 83, 0, 21081, 16.657
87, 85, 0, 20857, 16.665
87, 87, 0, 20665, 16.672
88, 90, 0, 20393, 16.680
88, 92, 0, 20281, 16.687
89, 93, 0, 20073, 16.694
89, 95, 0, 19913, 16.702
89, 95, 0, 19785, 16.710
89, 96, 0, 19721, 16.717
89, 96, 0, 19769, 16.726
89, 95, 0, 19368, 16.733
89, 94, 0, 19432, 16.742
89, 92, 0, 19528, 16.749
88, 90, 0, 19528, 16.757
88, 87, 0, 19817, 16.764
88, 83, 0, 20233, 16.772
87, 79, 0, 20697, 16.780
87, 75, 0, 21289, 16.788
87, 70, 0, 21369, 16.794
86, 66, 0, 21337, 16.803
86, 61, 0, 21609, 16.811
86, 56, 0, 21433, 16.817
86, 53, 0, 21449, 16.826
86, 49, 0, 21497, 16.834
86, 47, 0, 21289, 16.842
86, 45, 0, 21225, 16.849
86, 44, 0, 21113, 16.857
87, 44, 0, 20265, 16.864
87, 44, 0, 18408, 16.872
88, 45, 0, 16951, 16.880
88, 46, 0, 15399, 16.887
89, 47, 0, 13638, 16.895
89, 49, 0, 11301, 16.902
90, 50, 0, 9860, 16.910
91, 52, 0, 9796, 16.918
91, 53, 0, 9876, 16.925
92, 55, 0, 10116, 16.933
92, 56, 0, 10580, 16.941
93, 57, 0, 11093, 16.949
94, 57, 0, 11573, 16.955
94, 57, 0, 12005, 16.964
94, 57, 0, 12373, 16.972
95, 56, 0, 13366, 16.980
95, 55, 0, 14950, 16.987
96, 53, 0, 16279, 16.996
96, 51, 0, 17399, 17.002
96, 49, 0, 17992, 17.010
96, 47, 0, 18264, 17.018
96, 46, 0, 18248, 17.025
96, 45, 0, 17816, 17.033
97, 44, 0, 16439, 17.041
97, 44, 0, 14438, 17.049
97, 45, 0, 11477, 17.056
97, 46, 0, 11317, 17.064
97, 48, 0, 10516, 17.072
97, 51, 0, 10020, 17.079
96, 53, 0, 9812, 17.087
96, 56, 0, 9460, 17.094
96, 59, 0, 9236, 17.101
96, 61, 0, 9268, 17.110
96, 64, 0, 9492, 17.117
96, 66, 0, 9908, 17.124
96, 68, 0, 10532, 17.133
96, 70, 0, 10981, 17.141
96, 71, 0, 11477, 17.148
96, 72, 0, 11989, 17.156
96, 72, 0, 12933, 17.164
96, 72, 0, 13798, 17.172
96, 71, 0, 14582, 17.179
96, 69, 0, 16151, 17.187
96, 66, 0, 17335, 17.194
96, 63, 0, 17896, 17.201
96, 60, 0, 18056, 17.210
96, 58, 0, 18088, 17.217
97, 55, 0, 18008, 17.226
97, 54, 0, 18040, 17.233
97, 53, 0, 17560, 17.240
98, 53, 0, 16679, 17.248
99, 53, 0, 15671, 17.256
99, 55, 0, 15831, 17.263
100, 57, 0, 15895, 17.271
100, 59, 0, 15975, 17.279
101, 62, 0, 15943, 17.286
102, 65, 0, 15847, 17.294
103, 68, 0, 15687, 17.302
103, 72, 0, 15158, 17.308
104, 75, 0, 14582, 17.317
105, 78, 0, 14470, 17.324
106, 81, 0, 14438, 17.332
106, 84, 0, 14374, 17.340
107, 87, 0, 14294, 17.348
108, 89, 0, 14310, 17.355
108, 90, 0, 14374, 17.362
108, 91, 0, 14438, 17.371
109, 92, 0, 14694, 17.379
109, 92, 0, 14998, 17.386
109, 92, 0, 15222, 17.394
109, 92, 0, 15623, 17.401
109, 91, 0, 15687, 17.408
109, 90, 0, 15943, 17.418
109, 89, 0, 16455, 17.424
109, 86, 0, 16935, 17.433
109, 83, 0, 17287, 17.440
109, 80, 0, 17768, 17.447
109, 76, 0, 18376, 17.455
109, 73, 0, 18344, 17.464
109, 69, 0, 18584, 17.471
110, 66, 0, 18968, 17.478
110, 64, 0, 19368, 17.485
110, 62, 0, 19961, 17.494
110, 61, 0, 20361, 17.501
110, 61, 0, 20233, 17.509
111, 61, 0, 19929, 17.516
111, 62, 0, 19945, 17.524
111, 63, 0, 19881, 17.532
112, 65, 0, 19656, 17.540
112, 67, 0, 19064, 17.547
112, 70, 0, 18344, 17.555
113, 72, 0, 17944, 17.563
113, 74, 0, 17928, 17.571
114, 76, 0, 18008, 17.578
115, 78, 0, 17992, 17.586
115, 79, 0, 18184, 17.593
116, 80, 0, 18328, 17.602
116, 80, 0, 18296, 17.609
116, 79, 0, 18024, 17.616
116, 77, 0, 18344, 17.624
116, 75, 0, 19112, 17.632
116, 73, 0, 19416, 17.639
116, 70, 0, 19576, 17.647
116, 66, 0, 20105, 17.655
116, 63, 0, 20649, 17.662
116, 61, 0, 20809, 17.670
116, 58, 0, 20649, 17.677
116, 56, 0, 20761, 17.684
116, 55, 0, 20857, 17.692
116, 54, 0, 20729, 17.700
116, 54, 0, 20601, 17.707
117, 54, 0, 20137, 17.715
117, 54, 0, 19833, 17.724
117, 56, 0, 19336, 17.732
117, 57, 0, 19048, 17.739
117, 59, 0, 18584, 17.746
117, 62, 0, 18168, 17.754
117, 65, 0, 17864, 17.761
117, 68, 0, 17864, 17.769
116, 72, 0, 17896, 17.778
116, 75, 0, 17688, 17.785
116, 79, 0, 17720, 17.793
115, 82, 0, 18056, 17.801
115, 84, 0, 18456, 17.808
115, 87, 0, 19000, 17.816
115, 89, 0, 19865, 17.824
115, 90, 0, 20665, 17.832
115, 91, 0, 21241, 17.839
116, 92, 0, 21497, 17.847
117, 92, 0, 21561, 17.854
119, 93, 0, 21513, 17.862
121, 93, 0, 21465, 17.869
123, 93, 0, 20201, 17.877
125, 94, 0, 8932, 17.885
125, 94, 0, 0, 17.893
128, 95, 208, 0, 17.901
129, 95, 449, 0, 17.908
130, 95, 661, 0, 17.914
130, 95, 846, 0, 17.923
130, 95, 966, 0, 17.931
130, 95, 1023, 0, 17.938
130, 95, 1023, 0, 17.946
130, 95, 1023, 0, 17.959
130, 95, 1023, 0, 17.967
130, 95, 1023, 0, 17.983
130, 95, 1023, 0, 17.989
130, 95, 1023, 0, 17.997
130, 95, 1023, 0, 18.002
130, 95, 1023, 0, 18.010
130, 95, 1023, 0, 18.018
130, 95, 1023, 0, 18.023
130, 95, 1023, 0, 18.031
130, 95, 1023, 0, 18.037
130, 95, 1023, 0, 18.043
130, 95, 1023, 0, 18.051
