56, 72, 1023, 0, 41.732
56, 72, 994, 0, 41.733
56, 72, 982, 0, 41.733
56, 72, 958, 0, 41.734
56, 72, 946, 0, 41.742
56, 72, 922, 0, 41.749
56, 72, 898, 0, 41.757
56, 72, 862, 0, 41.766
56, 72, 826, 0, 41.772
56, 72, 790, 0, 41.780
56, 73, 754, 0, 41.789
56, 73, 718, 0, 41.796
56, 73, 694, 0, 41.804
56, 73, 665, 0, 41.812
56, 73, 641, 0, 41.819
56, 73, 617, 0, 41.827
56, 73, 581, 0, 41.835
56, 73, 557, 0, 41.842
56, 73, 521, 0, 41.850
56, 73, 485, 0, 41.858
56, 73, 449, 0, 41.865
56, 73, 425, 0, 41.873
56, 73, 401, 0, 41.881
56, 73, 377, 0, 41.888
56, 74, 365, 0, 41.896
56, 74, 365, 0, 41.904
56, 74, 365, 0, 41.910
56, 74, 365, 0, 41.919
56, 74, 365, 0, 41.928
56, 74, 365, 0, 41.934
56, 74, 353, 0, 41.941
56, 74, 341, 0, 41.949
56, 74, 324, 0, 41.956
56, 74, 312, 0, 41.965
56, 75, 288, 0, 41.972
56, 75, 276, 0, 41.981
56, 75, 240, 0, 41.988
56, 75, 216, 0, 41.996
57, 75, 180, 0, 42.004
57, 76, 132, 0, 42.011
57, 76, 84, 0, 42.019
57, 76, 36, 0, 42.026
57, 76, 0, 0, 42.034
57, 76, 0, 0, 42.042
57, 76, 0, 0, 42.049
57, 76, 0, 0, 42.057
57, 76, 0, 0, 42.065
57, 76, 0, 10740, 42.072
57, 76, 0, 10532, 42.080
57, 76, 0, 10997, 42.087
57, 75, 0, 11397, 42.096
57, 74, 0, 11797, 42.104
57, 73, 0, 12805, 42.111
57, 72, 0, 14150, 42.119
57, 70, 0, 15463, 42.126
57, 68, 0, 16823, 42.134
57, 65, 0, 18312, 42.142
58, 63, 0, 19304, 42.149
59, 61, 0, 19753, 42.156
59, 59, 0, 19849, 42.164
60, 57, 0, 19961, 42.171
61, 56, 0, 19833, 42.180
62, 56, 0, 19801, 42.188
63, 56, 0, 19656, 42.196
64, 56, 0, 19592, 42.203
65, 57, 0, 19592, 42.211
66, 58, 0, 19817, 42.218
68, 60, 0, 20105, 42.226
69, 62, 0, 20393, 42.233
70, 65, 0, 20425, 42.240
71, 68, 0, 20537, 42.249
71, 72, 0, 20873, 42.257
72, 76, 0, 20633, 42.264
73, 81, 0, 20569, 42.272
73, 86, 0, 20745, 42.280
73, 91, 0, 20377, 42.287
73, 96, 0, 19000, 42.294
74, 102, 0, 17896, 42.303
74, 107, 0, 17223, 42.310
74, 111, 0, 17207, 42.318
74, 115, 0, 17335, 42.325
74, 118, 0, 17319, 42.334
74, 120, 0, 17640, 42.341
75, 121, 0, 18184, 42.349
75, 122, 0, 18696, 42.356
75, 122, 0, 18808, 42.365
75, 121, 0, 18616, 42.372
75, 120, 0, 18632, 42.379
75, 119, 0, 18680, 42.387
76, 118, 0, 18728, 42.394
76, 117, 0, 18680, 42.401
77, 116, 0, 18568, 42.410
78, 116, 0, 18344, 42.418
79, 116, 0, 18152, 42.425
81, 116, 0, 17880, 42.433
82, 117, 0, 17720, 42.440
84, 119, 0, 17720, 42.447
85, 122, 0, 17656, 42.456
87, 124, 0, 17447, 42.463
88, 127, 0, 16967, 42.472
89, 131, 0, 15415, 42.479
91, 134, 0, 14198, 42.487
91, 136, 0, 13558, 42.494
92, 138, 0, 13318, 42.502
93, 140, 0, 13366, 42.510
93, 140, 0, 13350, 42.518
93, 140, 0, 13590, 42.525
93, 139, 0, 14054, 42.533
93, 137, 0, 15511, 42.541
92, 134, 0, 16871, 42.547
92, 130, 0, 17512, 42.556
91, 126, 0, 17800, 42.564
91, 122, 0, 18008, 42.571
90, 117, 0, 18248, 42.579
90, 112, 0, 18248, 42.587
90, 107, 0, 18536, 42.594
89, 101, 0, 18600, 42.602
89, 97, 0, 18456, 42.609
89, 92, 0, 18664, 42.617
89, 89, 0, 18808, 42.624
90, 86, 0, 19064, 42.633
90, 84, 0, 19689, 42.639
90, 82, 0, 19929, 42.648
90, 81, 0, 19977, 42.656
91, 81, 0, 19640, 42.663
91, 81, 0, 17784, 42.670
91, 81, 0, 14422, 42.678
91, 82, 0, 11205, 42.686
92, 83, 0, 7731, 42.694
92, 85, 0, 3441, 42.702
92, 86, 0, 912, 42.709
93, 87, 0, 2769, 42.716
93, 87, 0, 6306, 42.724
93, 87, 0, 8579, 42.733
94, 87, 0, 10116, 42.740
94, 86, 0, 12053, 42.748
95, 85, 0, 14470, 42.755
95, 83, 0, 15943, 42.764
96, 81, 0, 16631, 42.771
96, 79, 0, 16903, 42.779
97, 76, 0, 16775, 42.785
97, 74, 0, 16775, 42.793
97, 73, 0, 16535, 42.801
98, 72, 0, 15607, 42.808
98, 71, 0, 14246, 42.816
98, 71, 0, 12421, 42.823
98, 72, 0, 9236, 42.832
98, 73, 0, 5490, 42.840
98, 73, 0, 0, 42.848
97, 76, 40, 0, 42.855
97, 78, 84, 0, 42.863
97, 81, 124, 0, 42.870
97, 83, 176, 0, 42.878
96, 86, 228, 0, 42.885
96, 89, 272, 0, 42.894
96, 92, 312, 0, 42.900
96, 95, 336, 0, 42.908
96, 97, 336, 0, 42.917
96, 100, 312, 0, 42.923
97, 102, 252, 0, 42.932
97, 104, 176, 0, 42.940
97, 104, 92, 0, 42.947
98, 106, 0, 0, 42.955
98, 106, 0, 0, 42.963
98, 105, 0, 19368, 42.970
98, 104, 0, 19048, 42.978
98, 103, 0, 18808, 42.986
98, 101, 0, 16791, 42.994
98, 99, 0, 13206, 43.001
98, 97, 0, 9124, 43.008
98, 95, 0, 2160, 43.016
98, 95, 0, 0, 43.024
98, 91, 20, 0, 43.031
98, 90, 20, 0, 43.039
98, 89, 8, 0, 43.047
99, 87, 0, 0, 43.055
99, 86, 0, 0, 43.062
100, 84, 0, 0, 43.070
100, 82, 0, 8948, 43.078
101, 80, 0, 10292, 43.085
102, 78, 0, 11957, 43.092
102, 76, 0, 13158, 43.101
103, 75, 0, 13718, 43.107
103, 74, 0, 14134, 43.115
104, 74, 0, 14118, 43.124
105, 75, 0, 13702, 43.131
105, 76, 0, 13990, 43.139
106, 78, 0, 14022, 43.147
107, 81, 0, 13990, 43.153
107, 84, 0, 13766, 43.161
108, 87, 0, 13510, 43.170
108, 91, 0, 13222, 43.177
109, 95, 0, 12965, 43.184
109, 99, 0, 12645, 43.193
110, 102, 0, 12229, 43.201
111, 105, 0, 12277, 43.208
111, 107, 0, 12693, 43.216
112, 108, 0, 13286, 43.223
112, 108, 0, 13782, 43.231
113, 108, 0, 14054, 43.239
113, 108, 0, 14486, 43.247
114, 106, 0, 15607, 43.253
114, 105, 0, 17480, 43.262
114, 102, 0, 18632, 43.270
115, 100, 0, 19464, 43.277
115, 97, 0, 19961, 43.285
115, 93, 0, 20281, 43.292
116, 90, 0, 20729, 43.300
116, 87, 0, 20457, 43.307
117, 84, 0, 20505, 43.315
117, 81, 0, 20569, 43.322
117, 79, 0, 20553, 43.331
118, 78, 0, 20313, 43.339
118, 78, 0, 20201, 43.346
119, 78, 0, 19897, 43.354
119, 79, 0, 19913, 43.362
120, 80, 0, 19881, 43.369
120, 81, 0, 19945, 43.376
120, 83, 0, 19881, 43.385
120, 86, 0, 19480, 43.392
120, 88, 0, 19112, 43.399
120, 92, 0, 18728, 43.408
120, 96, 0, 18424, 43.416
119, 100, 0, 18376, 43.423
119, 105, 0, 18232, 43.431
119, 110, 0, 18280, 43.438
118, 114, 0, 18392, 43.445
118, 119, 0, 18488, 43.454
118, 124, 0, 18392, 43.462
118, 128, 0, 18584, 43.469
118, 132, 0, 18488, 43.477
118, 135, 0, 18552, 43.485
118, 138, 0, 18680, 43.492
118, 140, 0, 18776, 43.500
118, 142, 0, 18680, 43.506
118, 143, 0, 18648, 43.515
119, 143, 0, 18600, 43.523
120, 143, 0, 18472, 43.531
121, 142, 0, 18776, 43.538
122, 142, 0, 19368, 43.546
124, 141, 0, 19993, 43.554
126, 140, 0, 20345, 43.561
128, 140, 0, 20329, 43.569
130, 140, 0, 20425, 43.576
132, 140, 0, 20313, 43.585
134, 142, 0, 20249, 43.592
136, 143, 0, 19528, 43.600
137, 145, 0, 16375, 43.606
139, 146, 0, 12021, 43.615
139, 147, 0, 7411, 43.622
140, 148, 0, 1088, 43.630
140, 148, 0, 0, 43.638
140, 148, 48, 0, 43.646
139, 147, 140, 0, 43.653
138, 146, 264, 0, 43.661
137, 145, 417, 0, 43.669
136, 146, 601, 0, 43.676
135, 145, 754, 0, 43.684
135, 145, 886, 0, 43.691
135, 145, 990, 0, 43.699
135, 145, 1023, 0, 43.711
135, 145, 1023, 0, 43.719
135, 145, 1023, 0, 43.735
135, 145, 1023, 0, 43.744
135, 145, 1023, 0, 43.750
135, 145, 1023, 0, 43.755
135, 145, 1023, 0, 43.763
135, 145, 1023, 0, 43.769
135, 145, 1023, 0, 43.778
135, 145, 1023, 0, 43.783
135, 145, 1023, 0, 43.790
135, 145, 1023, 0, 43.797
135, 145, 1023, 0, 43.803
