50, 74, 1023, 0, 55.964
50, 74, 834, 0, 55.965
50, 74, 822, 0, 55.965
50, 74, 810, 0, 55.973
50, 74, 798, 0, 55.980
50, 74, 798, 0, 55.987
49, 74, 798, 0, 55.995
49, 75, 790, 0, 56.003
49, 75, 790, 0, 56.010
48, 75, 790, 0, 56.018
48, 75, 778, 0, 56.026
48, 76, 778, 0, 56.033
47, 76, 766, 0, 56.041
47, 76, 754, 0, 56.048
47, 76, 742, 0, 56.056
47, 76, 718, 0, 56.063
46, 76, 682, 0, 56.072
46, 76, 649, 0, 56.079
46, 76, 589, 0, 56.086
46, 76, 533, 0, 56.094
46, 76, 461, 0, 56.103
46, 76, 393, 0, 56.110
46, 77, 312, 0, 56.117
46, 77, 228, 0, 56.126
46, 77, 136, 0, 56.133
46, 77, 44, 0, 56.141
46, 76, 0, 0, 56.149
46, 76, 0, 0, 56.156
46, 75, 0, 0, 56.164
46, 74, 0, 10772, 56.173
46, 73, 0, 10708, 56.179
46, 71, 0, 10868, 56.186
47, 69, 0, 11461, 56.194
47, 67, 0, 12485, 56.202
47, 65, 0, 13718, 56.210
47, 63, 0, 14614, 56.218
48, 61, 0, 15174, 56.226
48, 60, 0, 15767, 56.233
49, 59, 0, 16103, 56.241
49, 58, 0, 16375, 56.247
50, 57, 0, 16423, 56.256
51, 57, 0, 16407, 56.263
52, 57, 0, 16535, 56.271
53, 58, 0, 16535, 56.280
53, 59, 0, 16743, 56.287
54, 61, 0, 17095, 56.294
55, 63, 0, 17592, 56.302
56, 66, 0, 17848, 56.310
57, 70, 0, 17928, 56.317
58, 74, 0, 18040, 56.324
59, 78, 0, 18072, 56.334
59, 83, 0, 17992, 56.340
60, 88, 0, 18024, 56.348
61, 93, 0, 17944, 56.355
61, 98, 0, 17864, 56.364
62, 104, 0, 17576, 56.371
62, 108, 0, 17271, 56.379
62, 113, 0, 16999, 56.386
63, 117, 0, 16935, 56.394
63, 120, 0, 16983, 56.402
64, 123, 0, 17079, 56.409
64, 124, 0, 17239, 56.417
64, 125, 0, 17287, 56.425
64, 126, 0, 17271, 56.432
64, 126, 0, 17079, 56.440
64, 125, 0, 16439, 56.449
64, 124, 0, 16135, 56.455
65, 121, 0, 16583, 56.464
65, 119, 0, 16759, 56.472
65, 115, 0, 16839, 56.479
65, 112, 0, 16951, 56.486
65, 108, 0, 17175, 56.494
66, 105, 0, 17431, 56.503
66, 102, 0, 17399, 56.510
67, 101, 0, 17544, 56.517
68, 100, 0, 17447, 56.525
68, 100, 0, 16967, 56.532
69, 101, 0, 16791, 56.539
70, 103, 0, 16647, 56.549
71, 105, 0, 16311, 56.555
72, 108, 0, 13061, 56.563
73, 110, 0, 8707, 56.571
74, 113, 0, 5154, 56.577
75, 115, 0, 3249, 56.585
75, 116, 0, 3649, 56.593
76, 117, 0, 5618, 56.601
76, 117, 0, 8339, 56.608
76, 116, 0, 9156, 56.618
76, 114, 0, 13013, 56.624
76, 112, 0, 15959, 56.633
76, 109, 0, 16967, 56.640
76, 106, 0, 17399, 56.647
76, 102, 0, 17431, 56.655
76, 98, 0, 17431, 56.663
76, 93, 0, 17640, 56.670
76, 88, 0, 18248, 56.678
76, 83, 0, 18312, 56.687
76, 78, 0, 18520, 56.693
76, 74, 0, 18568, 56.701
76, 70, 0, 18568, 56.709
76, 68, 0, 18536, 56.716
76, 66, 0, 18584, 56.724
77, 66, 0, 18456, 56.732
77, 66, 0, 17223, 56.739
77, 67, 0, 15270, 56.747
78, 69, 0, 12949, 56.755
78, 70, 0, 7939, 56.763
79, 72, 0, 848, 56.771
79, 72, 0, 0, 56.778
80, 75, 0, 0, 56.786
80, 76, 0, 0, 56.794
81, 76, 0, 0, 56.801
81, 75, 0, 8435, 56.808
82, 74, 0, 12229, 56.816
82, 73, 0, 15959, 56.824
83, 71, 0, 17431, 56.832
83, 69, 0, 17976, 56.839
84, 67, 0, 18168, 56.847
84, 65, 0, 18216, 56.855
85, 63, 0, 17848, 56.862
85, 62, 0, 14934, 56.870
85, 62, 0, 9204, 56.878
86, 63, 0, 4498, 56.886
86, 63, 0, 0, 56.893
86, 66, 28, 0, 56.902
86, 68, 60, 0, 56.909
86, 71, 80, 0, 56.916
86, 75, 104, 0, 56.924
86, 78, 112, 0, 56.931
86, 82, 72, 0, 56.940
85, 86, 28, 0, 56.947
85, 89, 0, 0, 56.954
85, 93, 0, 0, 56.962
85, 97, 0, 0, 56.971
85, 101, 0, 11957, 56.978
85, 104, 0, 12853, 56.985
85, 107, 0, 13718, 56.993
85, 109, 0, 14054, 57.002
85, 111, 0, 14326, 57.009
85, 111, 0, 14246, 57.017
85, 111, 0, 14150, 57.023
85, 110, 0, 13077, 57.031
85, 108, 0, 13494, 57.040
85, 105, 0, 13382, 57.046
85, 101, 0, 11893, 57.055
85, 97, 0, 10500, 57.062
85, 93, 0, 9716, 57.069
85, 89, 0, 9732, 57.077
85, 86, 0, 9844, 57.085
86, 83, 0, 10788, 57.093
86, 80, 0, 11925, 57.100
87, 78, 0, 12677, 57.108
87, 75, 0, 12965, 57.115
88, 73, 0, 12997, 57.124
89, 71, 0, 13013, 57.131
90, 69, 0, 13061, 57.137
91, 67, 0, 13174, 57.145
92, 66, 0, 13158, 57.154
93, 65, 0, 13158, 57.162
94, 65, 0, 13270, 57.169
94, 65, 0, 13382, 57.177
95, 65, 0, 13382, 57.185
96, 66, 0, 14358, 57.192
96, 68, 0, 15030, 57.200
97, 70, 0, 15222, 57.207
97, 73, 0, 15303, 57.215
98, 77, 0, 15335, 57.222
98, 81, 0, 15335, 57.231
99, 85, 0, 15158, 57.238
100, 89, 0, 14918, 57.247
101, 93, 0, 14406, 57.254
102, 97, 0, 14422, 57.262
103, 100, 0, 14358, 57.269
104, 103, 0, 14518, 57.277
105, 105, 0, 14646, 57.284
106, 106, 0, 14694, 57.292
107, 106, 0, 14710, 57.299
108, 105, 0, 14502, 57.306
108, 103, 0, 14678, 57.315
109, 100, 0, 15319, 57.322
109, 96, 0, 15943, 57.329
109, 92, 0, 16583, 57.338
109, 88, 0, 17063, 57.345
110, 84, 0, 17463, 57.354
110, 80, 0, 17720, 57.361
110, 77, 0, 17880, 57.369
110, 75, 0, 18104, 57.376
111, 74, 0, 18392, 57.384
111, 74, 0, 18568, 57.392
111, 75, 0, 17880, 57.401
112, 76, 0, 18424, 57.407
112, 79, 0, 18632, 57.416
112, 82, 0, 18728, 57.422
113, 86, 0, 17992, 57.431
113, 90, 0, 16375, 57.438
114, 95, 0, 14854, 57.445
114, 100, 0, 13910, 57.453
115, 106, 0, 12757, 57.461
116, 111, 0, 12117, 57.468
117, 117, 0, 12181, 57.476
118, 122, 0, 12053, 57.484
118, 126, 0, 12197, 57.491
119, 129, 0, 12325, 57.499
120, 132, 0, 12373, 57.507
121, 133, 0, 12501, 57.515
121, 133, 0, 12629, 57.522
122, 133, 0, 12613, 57.530
122, 130, 0, 13510, 57.538
122, 127, 0, 15767, 57.545
122, 123, 0, 17079, 57.553
122, 118, 0, 18008, 57.560
122, 112, 0, 18312, 57.568
122, 107, 0, 18360, 57.576
122, 102, 0, 18568, 57.584
122, 98, 0, 18696, 57.591
122, 95, 0, 19160, 57.599
122, 92, 0, 19608, 57.607
122, 91, 0, 19705, 57.615
123, 90, 0, 19705, 57.622
123, 90, 0, 19528, 57.630
123, 90, 0, 18792, 57.637
123, 92, 0, 18056, 57.645
122, 94, 0, 16919, 57.654
122, 96, 0, 14374, 57.661
121, 100, 0, 12453, 57.669
120, 104, 0, 10564, 57.676
119, 109, 0, 9268, 57.684
119, 113, 0, 8948, 57.691
118, 118, 0, 9012, 57.699
117, 122, 0, 9492, 57.705
117, 125, 0, 11029, 57.714
116, 128, 0, 12789, 57.722
116, 131, 0, 14390, 57.730
116, 133, 0, 16391, 57.737
117, 135, 0, 18024, 57.745
118, 137, 0, 19320, 57.753
119, 138, 0, 19945, 57.760
121, 140, 0, 20233, 57.768
123, 140, 0, 20201, 57.775
126, 141, 0, 20169, 57.782
128, 141, 0, 20281, 57.790
131, 140, 0, 19512, 57.798
133, 140, 0, 14502, 57.807
135, 139, 0, 5074, 57.814
135, 139, 0, 0, 57.821
138, 137, 128, 0, 57.830
138, 136, 292, 0, 57.837
139, 135, 465, 0, 57.844
139, 134, 641, 0, 57.852
138, 133, 794, 0, 57.860
138, 133, 910, 0, 57.867
138, 133, 998, 0, 57.875
138, 133, 1023, 0, 57.887
138, 133, 1023, 0, 57.896
138, 133, 1023, 0, 57.912
138, 133, 1023, 0, 57.919
138, 133, 1023, 0, 57.926
138, 133, 1023, 0, 57.932
138, 133, 1023, 0, 57.939
138, 133, 1023, 0, 57.946
138, 133, 1023, 0, 57.952
138, 133, 1023, 0, 57.959
138, 133, 1023, 0, 57.966
138, 133, 1023, 0, 57.973
138, 133, 1023, 0, 57.979
