36, 69, 890, 0, 24.316
36, 69, 0, 0, 24.321
36, 69, 0, 0, 24.325
36, 69, 0, 0, 24.326
36, 69, 0, 15831, 24.328
36, 69, 0, 15831, 24.332
36, 69, 0, 14662, 24.335
36, 69, 0, 13878, 24.338
36, 68, 0, 13430, 24.342
36, 67, 0, 13430, 24.345
37, 66, 0, 13206, 24.348
37, 65, 0, 13110, 24.354
38, 64, 0, 12997, 24.358
38, 63, 0, 12885, 24.362
39, 61, 0, 12853, 24.365
39, 60, 0, 12805, 24.369
40, 60, 0, 12725, 24.375
41, 59, 0, 12709, 24.379
41, 58, 0, 12661, 24.383
42, 58, 0, 12501, 24.390
42, 58, 0, 12229, 24.397
43, 59, 0, 12277, 24.405
43, 60, 0, 12565, 24.412
43, 61, 0, 12789, 24.420
44, 62, 0, 13029, 24.427
44, 65, 0, 13142, 24.435
44, 67, 0, 13238, 24.442
44, 70, 0, 13270, 24.450
44, 73, 0, 13350, 24.458
44, 77, 0, 13350, 24.466
44, 80, 0, 13158, 24.473
43, 84, 0, 13350, 24.481
43, 87, 0, 12725, 24.489
43, 91, 0, 11989, 24.496
43, 95, 0, 10868, 24.505
42, 98, 0, 10324, 24.512
42, 101, 0, 10244, 24.520
42, 104, 0, 10228, 24.528
42, 107, 0, 10340, 24.534
42, 109, 0, 10596, 24.542
42, 111, 0, 11013, 24.551
42, 112, 0, 10997, 24.559
42, 113, 0, 10981, 24.566
42, 114, 0, 10965, 24.574
42, 114, 0, 11173, 24.582
42, 114, 0, 10820, 24.589
42, 113, 0, 10484, 24.597
43, 112, 0, 10340, 24.604
43, 111, 0, 10468, 24.612
43, 110, 0, 10580, 24.620
43, 108, 0, 10756, 24.627
43, 106, 0, 10836, 24.634
44, 105, 0, 11029, 24.642
44, 103, 0, 11269, 24.649
45, 102, 0, 11429, 24.657
45, 100, 0, 11381, 24.665
46, 99, 0, 11461, 24.672
47, 98, 0, 11541, 24.679
47, 97, 0, 11573, 24.688
48, 96, 0, 11557, 24.695
48, 96, 0, 11477, 24.703
49, 95, 0, 11317, 24.711
50, 95, 0, 11237, 24.719
50, 96, 0, 11301, 24.727
51, 96, 0, 11381, 24.733
51, 97, 0, 11253, 24.742
51, 98, 0, 11189, 24.750
52, 99, 0, 11013, 24.757
52, 100, 0, 11013, 24.765
52, 101, 0, 10981, 24.772
53, 102, 0, 10933, 24.779
53, 103, 0, 10933, 24.788
53, 105, 0, 10933, 24.795
53, 106, 0, 10933, 24.802
54, 107, 0, 10949, 24.811
54, 108, 0, 10933, 24.819
54, 110, 0, 10933, 24.825
54, 110, 0, 10933, 24.834
54, 111, 0, 10916, 24.841
54, 112, 0, 10933, 24.849
54, 112, 0, 11045, 24.857
54, 112, 0, 11733, 24.864
54, 112, 0, 12277, 24.873
54, 111, 0, 12309, 24.880
54, 111, 0, 12373, 24.887
54, 109, 0, 12581, 24.896
54, 108, 0, 12677, 24.903
54, 106, 0, 12789, 24.911
54, 104, 0, 12981, 24.919
54, 101, 0, 13222, 24.927
54, 99, 0, 13462, 24.935
54, 96, 0, 13542, 24.942
54, 94, 0, 13846, 24.950
54, 91, 0, 14070, 24.958
54, 89, 0, 14470, 24.965
54, 86, 0, 14790, 24.973
54, 83, 0, 14854, 24.981
55, 80, 0, 15078, 24.988
55, 78, 0, 15254, 24.996
55, 75, 0, 16007, 25.003
55, 73, 0, 16455, 25.011
55, 71, 0, 16583, 25.018
56, 69, 0, 16519, 25.027
56, 67, 0, 15847, 25.034
56, 65, 0, 14102, 25.045
56, 65, 0, 11493, 25.049
56, 64, 0, 7155, 25.057
56, 64, 0, 0, 25.064
56, 65, 64, 0, 25.072
56, 67, 144, 0, 25.080
56, 68, 244, 0, 25.087
56, 70, 336, 0, 25.095
56, 72, 425, 0, 25.102
57, 74, 505, 0, 25.111
57, 76, 549, 0, 25.118
57, 78, 593, 0, 25.125
58, 79, 617, 0, 25.133
58, 81, 617, 0, 25.141
58, 82, 605, 0, 25.148
59, 83, 569, 0, 25.156
59, 82, 493, 0, 25.166
59, 83, 381, 0, 25.172
60, 83, 244, 0, 25.179
60, 83, 120, 0, 25.190
60, 82, 0, 0, 25.197
60, 80, 0, 0, 25.202
60, 79, 0, 21145, 25.211
60, 77, 0, 17447, 25.217
60, 75, 0, 16407, 25.225
60, 73, 0, 14166, 25.233
60, 71, 0, 11029, 25.243
60, 69, 0, 10196, 25.249
60, 67, 0, 10260, 25.257
60, 66, 0, 10340, 25.263
60, 66, 0, 10276, 25.272
60, 66, 0, 7155, 25.279
60, 66, 0, 0, 25.287
59, 69, 68, 0, 25.295
59, 71, 148, 0, 25.303
59, 74, 216, 0, 25.311
59, 77, 296, 0, 25.317
59, 80, 341, 0, 25.325
59, 82, 341, 0, 25.334
59, 85, 320, 0, 25.340
59, 87, 260, 0, 25.350
60, 88, 168, 0, 25.356
60, 90, 80, 0, 25.364
60, 90, 0, 0, 25.371
60, 91, 0, 0, 25.379
60, 92, 0, 20137, 25.386
60, 92, 0, 20457, 25.394
60, 92, 0, 20425, 25.401
60, 92, 0, 18584, 25.410
60, 92, 0, 14150, 25.418
60, 92, 0, 9380, 25.425
60, 92, 0, 3153, 25.432
60, 91, 0, 0, 25.440
59, 89, 0, 0, 25.449
59, 88, 8, 0, 25.456
60, 87, 8, 0, 25.463
60, 86, 0, 0, 25.471
60, 85, 0, 0, 25.479
60, 84, 0, 0, 25.486
60, 83, 0, 0, 25.494
61, 82, 0, 0, 25.501
61, 80, 0, 0, 25.509
61, 78, 0, 0, 25.517
61, 76, 0, 8435, 25.524
62, 74, 0, 9828, 25.532
62, 72, 0, 11621, 25.540
62, 71, 0, 14102, 25.547
63, 69, 0, 15270, 25.555
63, 68, 0, 15767, 25.563
63, 68, 0, 15719, 25.570
64, 67, 0, 15399, 25.577
64, 67, 0, 15351, 25.585
65, 67, 0, 15543, 25.593
65, 68, 0, 15447, 25.601
66, 68, 0, 15511, 25.608
66, 69, 0, 15270, 25.616
67, 70, 0, 15030, 25.624
67, 72, 0, 14982, 25.632
67, 74, 0, 14806, 25.639
68, 76, 0, 14774, 25.647
68, 78, 0, 14822, 25.655
68, 81, 0, 14854, 25.662
68, 84, 0, 14966, 25.670
68, 86, 0, 14966, 25.678
68, 89, 0, 14934, 25.686
68, 92, 0, 14886, 25.692
68, 95, 0, 14934, 25.701
68, 97, 0, 14982, 25.708
68, 99, 0, 14918, 25.715
68, 102, 0, 15014, 25.723
68, 104, 0, 14822, 25.731
68, 105, 0, 14934, 25.739
69, 107, 0, 15286, 25.746
69, 108, 0, 15383, 25.754
69, 108, 0, 15607, 25.761
69, 108, 0, 15591, 25.769
69, 108, 0, 15495, 25.778
69, 107, 0, 15815, 25.785
69, 105, 0, 16103, 25.793
70, 102, 0, 16423, 25.801
70, 99, 0, 16391, 25.809
70, 95, 0, 16423, 25.816
70, 92, 0, 16551, 25.824
70, 88, 0, 16567, 25.831
70, 85, 0, 16935, 25.840
70, 82, 0, 17351, 25.846
70, 80, 0, 17480, 25.854
70, 77, 0, 17608, 25.862
70, 76, 0, 17592, 25.869
70, 74, 0, 17528, 25.877
70, 74, 0, 17447, 25.885
70, 73, 0, 17351, 25.894
70, 73, 0, 16039, 25.901
71, 74, 0, 13334, 25.907
71, 75, 0, 12229, 25.916
71, 77, 0, 10868, 25.923
71, 78, 0, 8868, 25.931
72, 80, 0, 7683, 25.939
72, 82, 0, 6498, 25.947
73, 84, 0, 6659, 25.954
73, 85, 0, 7667, 25.962
74, 85, 0, 8307, 25.970
74, 85, 0, 8691, 25.977
74, 84, 0, 10628, 25.985
75, 82, 0, 12421, 25.991
75, 80, 0, 13110, 26.001
75, 78, 0, 13766, 26.008
75, 75, 0, 13878, 26.014
76, 71, 0, 13782, 26.022
76, 68, 0, 13942, 26.031
77, 66, 0, 14310, 26.039
77, 64, 0, 13894, 26.046
78, 62, 0, 13798, 26.054
78, 62, 0, 13670, 26.061
79, 62, 0, 12981, 26.069
79, 63, 0, 11221, 26.077
80, 64, 0, 10820, 26.085
80, 66, 0, 9012, 26.092
81, 68, 0, 8115, 26.100
81, 69, 0, 8067, 26.107
81, 71, 0, 8467, 26.116
82, 72, 0, 10052, 26.122
82, 73, 0, 11269, 26.131
82, 74, 0, 11877, 26.138
82, 74, 0, 12149, 26.146
82, 75, 0, 12325, 26.154
82, 75, 0, 12789, 26.161
82, 74, 0, 14518, 26.169
83, 74, 0, 16247, 26.177
83, 73, 0, 16487, 26.184
83, 71, 0, 16807, 26.192
84, 70, 0, 17063, 26.200
85, 68, 0, 17095, 26.209
85, 66, 0, 16407, 26.215
86, 65, 0, 12117, 26.223
86, 64, 0, 11749, 26.230
87, 63, 0, 11861, 26.239
87, 63, 0, 11541, 26.246
88, 64, 0, 11765, 26.254
88, 64, 0, 11861, 26.261
88, 65, 0, 11925, 26.269
88, 67, 0, 12005, 26.276
88, 68, 0, 12197, 26.285
88, 70, 0, 12309, 26.293
88, 72, 0, 12277, 26.299
87, 74, 0, 12325, 26.308
87, 76, 0, 12309, 26.316
86, 79, 0, 12837, 26.323
85, 81, 0, 14182, 26.331
84, 84, 0, 15190, 26.339
83, 87, 0, 15703, 26.346
82, 89, 0, 16567, 26.353
81, 91, 0, 17528, 26.362
81, 94, 0, 18104, 26.370
80, 96, 0, 18440, 26.377
79, 98, 0, 18552, 26.384
79, 101, 0, 18840, 26.392
78, 103, 0, 18920, 26.400
78, 104, 0, 18872, 26.408
78, 106, 0, 19048, 26.416
77, 107, 0, 19496, 26.423
78, 108, 0, 19961, 26.431
78, 108, 0, 20201, 26.439
79, 108, 0, 20329, 26.446
80, 108, 0, 20665, 26.454
81, 108, 0, 21289, 26.462
83, 108, 0, 21529, 26.469
85, 107, 0, 21513, 26.477
87, 107, 0, 21481, 26.485
89, 107, 0, 20649, 26.492
90, 107, 0, 19000, 26.500
92, 107, 0, 17656, 26.509
93, 107, 0, 16743, 26.515
95, 107, 0, 16023, 26.523
96, 107, 0, 14662, 26.531
97, 107, 0, 12293, 26.538
97, 107, 0, 9476, 26.546
98, 107, 0, 4337, 26.554
98, 107, 0, 0, 26.561
97, 105, 92, 0, 26.569
96, 105, 196, 0, 26.577
95, 104, 328, 0, 26.584
94, 103, 469, 0, 26.592
93, 102, 597, 0, 26.600
91, 101, 726, 0, 26.607
90, 101, 846, 0, 26.615
89, 100, 938, 0, 26.623
87, 99, 1010, 0, 26.630
86, 99, 1023, 0, 26.640
86, 99, 1023, 0, 26.647
86, 99, 1023, 0, 26.653
86, 99, 1023, 0, 26.661
86, 99, 1023, 0, 26.669
86, 99, 1023, 0, 26.677
86, 99, 1023, 0, 26.684
86, 99, 1023, 0, 26.692
86, 99, 1023, 0, 26.699
86, 99, 1023, 0, 26.707
86, 99, 1023, 0, 26.720
86, 99, 1023, 0, 26.728
86, 99, 1023, 0, 26.746
86, 99, 1023, 0, 26.764
86, 99, 1023, 0, 26.781
86, 99, 1023, 0, 26.799
86, 99, 1023, 0, 26.816
86, 99, 1023, 0, 26.834
86, 99, 1023, 0, 26.851
86, 99, 1023, 0, 26.867
86, 99, 1023, 0, 26.876
86, 99, 1023, 0, 26.892
86, 99, 1023, 0, 26.899
86, 99, 1023, 0, 26.905
86, 99, 1023, 0, 26.912
86, 99, 1023, 0, 26.918
86, 99, 1023, 0, 26.927
86, 99, 1023, 0, 26.932
86, 99, 1023, 0, 26.939
86, 99, 1023, 0, 26.946
86, 99, 1023, 0, 26.952
86, 99, 1023, 0, 26.959
