64, 72, 1023, 0, 42.514
64, 72, 1023, 0, 42.515
64, 72, 1023, 0, 42.515
64, 72, 1023, 0, 42.520
64, 72, 1023, 0, 42.527
64, 72, 1023, 0, 42.534
64, 72, 1023, 0, 42.544
64, 72, 1023, 0, 42.551
64, 72, 1023, 0, 42.559
64, 72, 1023, 0, 42.566
64, 72, 1023, 0, 42.574
64, 73, 1023, 0, 42.581
64, 73, 1023, 0, 42.589
64, 73, 1023, 0, 42.597
64, 73, 1023, 0, 42.604
64, 73, 1023, 0, 42.612
64, 73, 1023, 0, 42.620
64, 73, 1023, 0, 42.627
64, 73, 1023, 0, 42.635
64, 73, 1023, 0, 42.642
64, 73, 1023, 0, 42.650
64, 73, 998, 0, 42.658
64, 73, 962, 0, 42.665
64, 73, 938, 0, 42.674
65, 73, 902, 0, 42.682
65, 73, 866, 0, 42.689
65, 74, 842, 0, 42.696
65, 74, 818, 0, 42.704
65, 74, 806, 0, 42.712
65, 74, 794, 0, 42.719
65, 74, 782, 0, 42.727
65, 74, 782, 0, 42.735
65, 74, 794, 0, 42.743
65, 74, 794, 0, 42.749
65, 74, 794, 0, 42.757
65, 74, 806, 0, 42.766
65, 74, 806, 0, 42.773
65, 75, 818, 0, 42.781
65, 75, 818, 0, 42.789
65, 75, 818, 0, 42.796
65, 75, 830, 0, 42.804
65, 75, 830, 0, 42.812
65, 75, 818, 0, 42.819
65, 75, 818, 0, 42.827
65, 75, 806, 0, 42.835
65, 75, 794, 0, 42.842
65, 75, 782, 0, 42.850
65, 75, 758, 0, 42.858
65, 75, 746, 0, 42.865
65, 75, 722, 0, 42.872
65, 75, 686, 0, 42.881
65, 75, 661, 0, 42.888
65, 75, 625, 0, 42.896
65, 75, 577, 0, 42.904
65, 76, 529, 0, 42.911
65, 76, 469, 0, 42.919
65, 76, 409, 0, 42.927
66, 76, 324, 0, 42.935
66, 76, 240, 0, 42.942
66, 76, 144, 0, 42.950
66, 76, 48, 0, 42.957
66, 76, 0, 0, 42.965
66, 76, 0, 0, 42.973
66, 77, 0, 0, 42.979
66, 77, 0, 0, 42.988
65, 77, 0, 10916, 42.997
65, 77, 0, 10933, 43.004
65, 77, 0, 11045, 43.011
65, 76, 0, 11157, 43.019
64, 76, 0, 11349, 43.026
64, 75, 0, 11621, 43.035
64, 73, 0, 12325, 43.042
63, 72, 0, 13350, 43.050
63, 70, 0, 14806, 43.058
63, 68, 0, 15831, 43.065
63, 65, 0, 16903, 43.073
63, 63, 0, 17287, 43.080
63, 61, 0, 17431, 43.088
63, 60, 0, 17544, 43.096
64, 58, 0, 17576, 43.103
65, 57, 0, 17640, 43.111
65, 57, 0, 17656, 43.118
66, 57, 0, 17656, 43.126
67, 57, 0, 17656, 43.134
68, 58, 0, 17800, 43.142
69, 59, 0, 17736, 43.149
70, 60, 0, 17784, 43.157
71, 62, 0, 17704, 43.164
72, 64, 0, 17704, 43.172
73, 66, 0, 17768, 43.180
74, 68, 0, 17800, 43.188
74, 71, 0, 17912, 43.196
74, 74, 0, 17848, 43.203
75, 77, 0, 17800, 43.212
75, 81, 0, 17704, 43.219
75, 84, 0, 17544, 43.226
75, 87, 0, 16951, 43.235
75, 91, 0, 16487, 43.241
75, 94, 0, 16375, 43.250
75, 96, 0, 16423, 43.257
75, 99, 0, 16407, 43.265
75, 101, 0, 16375, 43.272
75, 103, 0, 16423, 43.281
75, 104, 0, 16583, 43.287
75, 105, 0, 16775, 43.295
75, 105, 0, 17207, 43.303
75, 105, 0, 17944, 43.310
75, 105, 0, 19128, 43.318
74, 104, 0, 19352, 43.326
74, 102, 0, 19368, 43.333
74, 100, 0, 19432, 43.341
74, 98, 0, 19673, 43.349
74, 95, 0, 20009, 43.356
74, 93, 0, 20361, 43.364
74, 91, 0, 20233, 43.372
75, 89, 0, 20185, 43.379
75, 89, 0, 20169, 43.387
76, 89, 0, 20073, 43.395
77, 89, 0, 20105, 43.403
78, 90, 0, 20137, 43.410
79, 92, 0, 20137, 43.418
80, 94, 0, 20265, 43.426
81, 96, 0, 20105, 43.434
82, 98, 0, 19817, 43.442
83, 101, 0, 19496, 43.449
84, 104, 0, 19368, 43.457
85, 106, 0, 19080, 43.464
86, 109, 0, 18600, 43.472
86, 111, 0, 18360, 43.479
87, 112, 0, 17896, 43.487
87, 114, 0, 17496, 43.495
88, 115, 0, 17415, 43.502
88, 115, 0, 17447, 43.510
88, 116, 0, 17496, 43.518
88, 115, 0, 17512, 43.525
88, 114, 0, 17576, 43.533
87, 113, 0, 17928, 43.541
87, 110, 0, 18552, 43.549
86, 107, 0, 19176, 43.556
86, 104, 0, 20121, 43.565
85, 99, 0, 20665, 43.571
84, 95, 0, 21193, 43.580
83, 90, 0, 21385, 43.587
83, 86, 0, 21353, 43.593
83, 82, 0, 21417, 43.603
83, 79, 0, 21481, 43.611
83, 77, 0, 21369, 43.618
83, 76, 0, 21321, 43.625
84, 75, 0, 20985, 43.633
84, 75, 0, 18904, 43.640
85, 76, 0, 16647, 43.649
86, 78, 0, 13782, 43.656
86, 79, 0, 10164, 43.664
87, 80, 0, 8131, 43.671
88, 81, 0, 7891, 43.679
88, 82, 0, 8275, 43.686
89, 82, 0, 9188, 43.695
89, 81, 0, 10564, 43.703
90, 79, 0, 12501, 43.709
90, 77, 0, 14310, 43.717
90, 74, 0, 15335, 43.726
90, 71, 0, 16887, 43.734
90, 68, 0, 17800, 43.740
90, 65, 0, 18424, 43.748
90, 62, 0, 19144, 43.757
90, 59, 0, 19576, 43.763
91, 57, 0, 19592, 43.771
91, 56, 0, 19640, 43.778
91, 56, 0, 19352, 43.786
91, 56, 0, 17223, 43.794
92, 57, 0, 13830, 43.803
92, 58, 0, 8275, 43.809
92, 58, 0, 0, 43.817
92, 62, 76, 0, 43.823
92, 65, 164, 0, 43.831
92, 68, 240, 0, 43.839
92, 71, 316, 0, 43.848
92, 74, 361, 0, 43.854
92, 77, 405, 0, 43.864
92, 79, 381, 0, 43.872
92, 82, 328, 0, 43.878
92, 84, 228, 0, 43.887
93, 86, 128, 0, 43.894
93, 87, 32, 0, 43.901
93, 88, 0, 0, 43.910
93, 88, 0, 0, 43.917
93, 89, 0, 22058, 43.925
93, 89, 0, 22106, 43.932
93, 89, 0, 21065, 43.940
93, 89, 0, 18472, 43.948
93, 87, 0, 16567, 43.955
92, 86, 0, 15142, 43.964
92, 85, 0, 14486, 43.970
92, 84, 0, 14246, 43.978
92, 82, 0, 13942, 43.986
92, 80, 0, 13414, 43.993
93, 77, 0, 12245, 44.001
93, 75, 0, 11061, 44.009
93, 72, 0, 10933, 44.017
94, 70, 0, 11157, 44.024
94, 67, 0, 12133, 44.032
94, 65, 0, 13942, 44.039
95, 63, 0, 15415, 44.047
95, 62, 0, 16311, 44.054
96, 61, 0, 16519, 44.062
96, 61, 0, 16631, 44.070
97, 62, 0, 16871, 44.078
97, 63, 0, 16919, 44.085
98, 65, 0, 16903, 44.093
99, 67, 0, 16647, 44.102
99, 69, 0, 16567, 44.109
100, 72, 0, 16359, 44.116
100, 74, 0, 15943, 44.124
101, 76, 0, 15703, 44.132
101, 78, 0, 15767, 44.139
102, 79, 0, 15767, 44.147
102, 80, 0, 15783, 44.155
102, 80, 0, 15895, 44.162
103, 80, 0, 15943, 44.171
103, 80, 0, 15943, 44.176
103, 79, 0, 16455, 44.185
103, 78, 0, 17560, 44.193
104, 77, 0, 18984, 44.201
104, 75, 0, 19721, 44.208
105, 74, 0, 19849, 44.216
106, 74, 0, 19865, 44.224
106, 73, 0, 19705, 44.231
107, 74, 0, 19064, 44.239
108, 75, 0, 18024, 44.247
109, 76, 0, 16695, 44.254
110, 78, 0, 15511, 44.262
111, 80, 0, 14774, 44.269
112, 82, 0, 14438, 44.278
113, 84, 0, 14278, 44.285
114, 86, 0, 14214, 44.293
115, 86, 0, 14454, 44.300
116, 86, 0, 15399, 44.308
117, 85, 0, 16743, 44.316
117, 84, 0, 18376, 44.324
118, 81, 0, 19336, 44.330
118, 78, 0, 19673, 44.338
118, 75, 0, 19689, 44.347
119, 72, 0, 19769, 44.354
119, 70, 0, 20153, 44.362
119, 67, 0, 20761, 44.369
119, 65, 0, 20953, 44.377
119, 64, 0, 20873, 44.385
119, 63, 0, 20889, 44.391
119, 63, 0, 21001, 44.401
118, 64, 0, 21225, 44.409
118, 65, 0, 21113, 44.416
117, 67, 0, 20921, 44.423
117, 70, 0, 20857, 44.431
116, 73, 0, 20777, 44.438
115, 77, 0, 19977, 44.446
115, 81, 0, 18456, 44.454
114, 85, 0, 16679, 44.462
114, 90, 0, 15975, 44.469
113, 93, 0, 15975, 44.478
113, 97, 0, 16087, 44.485
113, 100, 0, 16487, 44.493
113, 103, 0, 17399, 44.501
114, 105, 0, 18920, 44.508
115, 107, 0, 20345, 44.515
116, 109, 0, 21785, 44.523
118, 111, 0, 22794, 44.531
120, 112, 0, 23306, 44.538
122, 113, 0, 23434, 44.546
125, 114, 0, 23370, 44.555
128, 115, 0, 23306, 44.561
130, 116, 0, 22682, 44.569
133, 116, 0, 19544, 44.577
135, 117, 0, 13574, 44.584
135, 117, 0, 0, 44.593
137, 118, 96, 0, 44.601
137, 118, 236, 0, 44.607
137, 118, 401, 0, 44.615
137, 118, 585, 0, 44.623
136, 118, 750, 0, 44.630
136, 118, 878, 0, 44.638
136, 118, 978, 0, 44.646
136, 118, 1023, 0, 44.658
136, 118, 1023, 0, 44.667
136, 118, 1023, 0, 44.684
136, 118, 1023, 0, 44.689
136, 118, 1023, 0, 44.695
136, 118, 1023, 0, 44.702
136, 118, 1023, 0, 44.708
136, 118, 1023, 0, 44.715
136, 118, 1023, 0, 44.722
136, 118, 1023, 0, 44.728
136, 118, 1023, 0, 44.735
136, 118, 1023, 0, 44.742
136, 118, 1023, 0, 44.748
