65, 50, 1023, 0, 52.962
65, 50, 1023, 0, 52.963
65, 50, 1023, 0, 52.964
65, 50, 1023, 0, 52.967
65, 50, 1023, 0, 52.974
65, 50, 1023, 0, 52.983
65, 51, 1023, 0, 52.990
65, 51, 1023, 0, 52.998
65, 51, 1023, 0, 53.006
65, 52, 1023, 0, 53.014
65, 52, 1023, 0, 53.022
65, 52, 1023, 0, 53.030
65, 52, 1023, 0, 53.037
65, 52, 1023, 0, 53.044
65, 52, 1023, 0, 53.051
65, 52, 1023, 0, 53.060
65, 52, 1023, 0, 53.067
65, 52, 1023, 0, 53.075
65, 52, 1023, 0, 53.083
65, 52, 1023, 0, 53.090
65, 52, 1023, 0, 53.098
65, 52, 1023, 0, 53.106
65, 52, 1023, 0, 53.113
65, 52, 1023, 0, 53.121
65, 52, 1023, 0, 53.129
65, 52, 1023, 0, 53.136
65, 52, 1023, 0, 53.143
65, 52, 1023, 0, 53.151
65, 52, 1023, 0, 53.159
65, 53, 1023, 0, 53.167
65, 53, 1023, 0, 53.174
65, 53, 1023, 0, 53.182
65, 53, 1023, 0, 53.190
65, 53, 1023, 0, 53.197
65, 53, 1023, 0, 53.204
65, 53, 1023, 0, 53.213
65, 53, 1023, 0, 53.221
65, 53, 1023, 0, 53.229
65, 53, 1023, 0, 53.236
65, 53, 1023, 0, 53.244
65, 53, 1023, 0, 53.251
65, 53, 1023, 0, 53.259
65, 53, 1023, 0, 53.267
65, 53, 1023, 0, 53.275
65, 53, 1023, 0, 53.282
65, 53, 1023, 0, 53.290
65, 53, 1023, 0, 53.298
65, 53, 1023, 0, 53.304
65, 53, 1023, 0, 53.313
65, 53, 1023, 0, 53.321
65, 53, 1023, 0, 53.327
65, 53, 1023, 0, 53.335
65, 54, 1023, 0, 53.344
65, 54, 1023, 0, 53.352
65, 54, 1023, 0, 53.359
65, 54, 1023, 0, 53.367
65, 54, 1023, 0, 53.374
65, 54, 1023, 0, 53.382
65, 54, 1023, 0, 53.390
65, 54, 1023, 0, 53.397
65, 54, 1023, 0, 53.405
65, 54, 1023, 0, 53.413
65, 54, 1023, 0, 53.420
65, 54, 1023, 0, 53.428
65, 54, 1023, 0, 53.435
65, 54, 1023, 0, 53.443
65, 54, 1023, 0, 53.451
65, 54, 1023, 0, 53.459
65, 54, 1023, 0, 53.467
65, 54, 1023, 0, 53.474
65, 54, 1023, 0, 53.483
65, 54, 1023, 0, 53.490
65, 54, 1023, 0, 53.498
66, 54, 1023, 0, 53.505
66, 54, 1023, 0, 53.512
66, 53, 1023, 0, 53.521
66, 53, 1023, 0, 53.529
66, 53, 1023, 0, 53.535
66, 53, 1023, 0, 53.544
66, 53, 1010, 0, 53.552
66, 53, 1010, 0, 53.559
66, 53, 1010, 0, 53.566
66, 53, 998, 0, 53.574
66, 53, 998, 0, 53.581
66, 53, 998, 0, 53.589
66, 53, 998, 0, 53.596
66, 53, 998, 0, 53.604
66, 53, 998, 0, 53.612
66, 53, 998, 0, 53.620
66, 53, 986, 0, 53.627
66, 53, 986, 0, 53.635
66, 53, 986, 0, 53.643
66, 53, 974, 0, 53.651
66, 53, 974, 0, 53.658
66, 53, 974, 0, 53.666
66, 53, 974, 0, 53.672
66, 53, 974, 0, 53.681
66, 53, 974, 0, 53.689
66, 53, 974, 0, 53.697
66, 53, 974, 0, 53.703
66, 53, 962, 0, 53.712
66, 53, 962, 0, 53.719
66, 53, 962, 0, 53.727
66, 54, 954, 0, 53.734
66, 54, 954, 0, 53.742
66, 54, 954, 0, 53.751
66, 54, 954, 0, 53.758
66, 54, 942, 0, 53.766
66, 54, 942, 0, 53.773
66, 54, 942, 0, 53.781
66, 54, 930, 0, 53.789
66, 54, 930, 0, 53.796
66, 54, 918, 0, 53.804
66, 54, 918, 0, 53.812
66, 54, 918, 0, 53.819
66, 54, 906, 0, 53.827
66, 54, 906, 0, 53.835
66, 54, 898, 0, 53.842
66, 54, 898, 0, 53.850
67, 54, 898, 0, 53.858
67, 54, 886, 0, 53.865
67, 54, 874, 0, 53.873
67, 54, 862, 0, 53.881
67, 54, 862, 0, 53.889
67, 54, 850, 0, 53.896
67, 54, 842, 0, 53.904
67, 54, 842, 0, 53.910
67, 54, 842, 0, 53.918
67, 54, 830, 0, 53.927
67, 54, 830, 0, 53.933
67, 54, 830, 0, 53.942
67, 54, 818, 0, 53.950
67, 54, 818, 0, 53.957
67, 54, 806, 0, 53.965
67, 54, 806, 0, 53.973
67, 54, 794, 0, 53.981
67, 54, 786, 0, 53.988
67, 53, 786, 0, 53.996
67, 53, 774, 0, 54.004
67, 53, 774, 0, 54.011
67, 53, 774, 0, 54.018
67, 53, 774, 0, 54.027
67, 53, 774, 0, 54.034
67, 53, 774, 0, 54.042
67, 53, 774, 0, 54.050
67, 53, 774, 0, 54.056
67, 53, 774, 0, 54.065
67, 53, 774, 0, 54.073
67, 53, 762, 0, 54.080
67, 53, 762, 0, 54.088
67, 53, 762, 0, 54.096
67, 53, 762, 0, 54.103
67, 54, 750, 0, 54.111
67, 54, 750, 0, 54.120
67, 54, 738, 0, 54.126
67, 54, 730, 0, 54.135
67, 54, 718, 0, 54.142
67, 54, 706, 0, 54.150
67, 54, 682, 0, 54.157
67, 54, 661, 0, 54.165
67, 54, 625, 0, 54.172
67, 54, 581, 0, 54.180
67, 54, 525, 0, 54.189
67, 54, 457, 0, 54.195
67, 54, 381, 0, 54.203
67, 54, 288, 0, 54.211
67, 54, 188, 0, 54.218
67, 54, 100, 0, 54.227
67, 53, 20, 0, 54.234
67, 53, 0, 0, 54.240
67, 52, 0, 0, 54.249
67, 50, 0, 12805, 54.256
67, 49, 0, 12725, 54.263
67, 47, 0, 13238, 54.272
67, 46, 0, 14246, 54.280
67, 44, 0, 15303, 54.289
67, 43, 0, 16167, 54.296
67, 42, 0, 16695, 54.303
68, 41, 0, 16887, 54.310
68, 40, 0, 16903, 54.318
69, 40, 0, 16823, 54.326
70, 39, 0, 16567, 54.333
71, 39, 0, 16359, 54.341
72, 40, 0, 16279, 54.349
72, 41, 0, 16183, 54.358
73, 42, 0, 16231, 54.365
74, 43, 0, 16407, 54.372
75, 45, 0, 16439, 54.380
75, 47, 0, 16551, 54.387
76, 49, 0, 16647, 54.395
77, 51, 0, 16823, 54.403
77, 54, 0, 17015, 54.410
78, 57, 0, 17207, 54.418
78, 60, 0, 17207, 54.426
79, 64, 0, 17832, 54.433
79, 68, 0, 18120, 54.441
79, 72, 0, 18264, 54.449
79, 76, 0, 18296, 54.455
79, 80, 0, 18120, 54.464
80, 84, 0, 18296, 54.471
80, 88, 0, 18152, 54.479
80, 92, 0, 17832, 54.486
80, 95, 0, 17912, 54.495
80, 98, 0, 18008, 54.501
80, 100, 0, 17896, 54.510
80, 101, 0, 17864, 54.517
80, 102, 0, 17960, 54.524
80, 103, 0, 17992, 54.532
80, 103, 0, 18168, 54.541
80, 103, 0, 18904, 54.549
80, 102, 0, 19192, 54.556
80, 100, 0, 19240, 54.564
80, 98, 0, 19320, 54.572
80, 95, 0, 19560, 54.579
80, 92, 0, 19753, 54.587
81, 89, 0, 19737, 54.594
81, 87, 0, 19705, 54.602
81, 85, 0, 19721, 54.610
82, 84, 0, 19689, 54.617
82, 83, 0, 19673, 54.624
83, 83, 0, 19416, 54.633
84, 83, 0, 19288, 54.641
84, 84, 0, 19384, 54.648
85, 85, 0, 19512, 54.655
85, 87, 0, 19560, 54.663
86, 89, 0, 19512, 54.670
87, 91, 0, 19208, 54.679
87, 94, 0, 18936, 54.685
88, 96, 0, 18856, 54.694
88, 97, 0, 18936, 54.702
88, 99, 0, 18856, 54.711
89, 99, 0, 18776, 54.718
89, 100, 0, 18792, 54.725
89, 100, 0, 18648, 54.731
89, 99, 0, 18280, 54.741
89, 97, 0, 18456, 54.747
88, 95, 0, 18664, 54.756
88, 92, 0, 19224, 54.762
88, 88, 0, 19977, 54.771
88, 84, 0, 20857, 54.778
87, 79, 0, 21705, 54.786
87, 74, 0, 22506, 54.793
87, 69, 0, 22746, 54.802
86, 64, 0, 22906, 54.808
86, 59, 0, 23034, 54.817
86, 55, 0, 22954, 54.825
86, 52, 0, 23114, 54.833
86, 50, 0, 23114, 54.840
86, 49, 0, 23146, 54.848
86, 48, 0, 22986, 54.855
87, 48, 0, 22234, 54.863
87, 49, 0, 21545, 54.871
87, 49, 0, 21113, 54.878
87, 50, 0, 20777, 54.885
88, 51, 0, 20761, 54.894
88, 52, 0, 20809, 54.901
89, 53, 0, 20825, 54.909
89, 53, 0, 20857, 54.917
89, 53, 0, 20777, 54.923
90, 53, 0, 20697, 54.932
90, 53, 0, 20841, 54.940
90, 52, 0, 21497, 54.947
90, 51, 0, 22186, 54.955
91, 49, 0, 22410, 54.963
91, 48, 0, 22506, 54.972
91, 47, 0, 22474, 54.978
91, 46, 0, 22410, 54.987
91, 46, 0, 21882, 54.993
91, 46, 0, 19592, 55.001
91, 47, 0, 16903, 55.009
91, 49, 0, 13142, 55.016
91, 51, 0, 7875, 55.024
91, 53, 0, 1424, 55.032
91, 53, 0, 0, 55.040
91, 58, 20, 0, 55.047
91, 60, 32, 0, 55.055
90, 62, 32, 0, 55.062
90, 64, 8, 0, 55.070
90, 65, 0, 0, 55.077
90, 65, 0, 0, 55.085
91, 66, 0, 0, 55.092
91, 66, 0, 15126, 55.101
91, 65, 0, 15399, 55.108
91, 64, 0, 16519, 55.116
91, 62, 0, 17800, 55.124
91, 61, 0, 18936, 55.132
91, 59, 0, 19640, 55.139
91, 57, 0, 20025, 55.147
91, 55, 0, 20105, 55.155
92, 54, 0, 20089, 55.162
92, 53, 0, 19448, 55.170
93, 52, 0, 17175, 55.177
93, 52, 0, 14774, 55.184
94, 53, 0, 12149, 55.193
94, 53, 0, 9924, 55.201
95, 54, 0, 8996, 55.208
95, 55, 0, 8723, 55.216
95, 55, 0, 8804, 55.225
96, 55, 0, 9684, 55.231
96, 55, 0, 10580, 55.240
96, 55, 0, 12053, 55.247
97, 54, 0, 14726, 55.254
97, 54, 0, 16679, 55.262
97, 53, 0, 17752, 55.270
98, 52, 0, 17912, 55.277
98, 51, 0, 17912, 55.284
99, 51, 0, 17784, 55.293
100, 51, 0, 17576, 55.301
100, 52, 0, 17720, 55.308
101, 54, 0, 17880, 55.316
101, 55, 0, 17992, 55.322
102, 58, 0, 18040, 55.331
103, 61, 0, 17960, 55.339
103, 64, 0, 18008, 55.346
103, 68, 0, 17992, 55.354
104, 72, 0, 17752, 55.362
104, 76, 0, 16615, 55.370
105, 81, 0, 15254, 55.377
105, 85, 0, 14166, 55.384
106, 88, 0, 14086, 55.393
106, 91, 0, 14406, 55.401
107, 93, 0, 15351, 55.408
107, 94, 0, 16151, 55.415
107, 94, 0, 16519, 55.423
108, 93, 0, 16471, 55.431
108, 91, 0, 17576, 55.439
108, 88, 0, 18632, 55.446
107, 85, 0, 19128, 55.454
107, 81, 0, 19416, 55.462
106, 77, 0, 19608, 55.469
106, 73, 0, 19865, 55.478
106, 70, 0, 20121, 55.484
106, 67, 0, 20729, 55.492
106, 64, 0, 20777, 55.500
106, 63, 0, 20537, 55.508
106, 63, 0, 20105, 55.515
106, 63, 0, 19128, 55.523
107, 64, 0, 18376, 55.531
107, 66, 0, 15447, 55.538
107, 67, 0, 11093, 55.547
108, 68, 0, 8371, 55.554
109, 69, 0, 8259, 55.561
109, 70, 0, 9508, 55.568
110, 69, 0, 10292, 55.577
110, 68, 0, 12389, 55.584
111, 67, 0, 15607, 55.592
111, 65, 0, 17223, 55.599
111, 63, 0, 18152, 55.608
112, 60, 0, 18968, 55.614
112, 58, 0, 20153, 55.623
112, 56, 0, 20505, 55.631
113, 55, 0, 20585, 55.638
113, 54, 0, 20505, 55.645
114, 54, 0, 20377, 55.653
114, 54, 0, 20329, 55.660
114, 54, 0, 19929, 55.669
115, 55, 0, 19176, 55.676
115, 56, 0, 18072, 55.684
115, 57, 0, 16727, 55.692
116, 58, 0, 16375, 55.700
116, 59, 0, 16439, 55.707
116, 59, 0, 16423, 55.715
116, 58, 0, 16359, 55.721
117, 58, 0, 16663, 55.731
117, 57, 0, 17736, 55.738
117, 56, 0, 18552, 55.745
117, 55, 0, 18840, 55.753
117, 54, 0, 18968, 55.761
117, 53, 0, 19032, 55.768
117, 53, 0, 18984, 55.777
117, 53, 0, 18616, 55.784
117, 53, 0, 18536, 55.792
117, 54, 0, 18648, 55.799
117, 56, 0, 18856, 55.807
117, 58, 0, 18824, 55.815
116, 60, 0, 18840, 55.822
116, 63, 0, 18872, 55.830
116, 66, 0, 18856, 55.838
115, 70, 0, 18424, 55.845
115, 74, 0, 17207, 55.853
115, 77, 0, 16119, 55.861
115, 80, 0, 16263, 55.868
115, 82, 0, 16983, 55.876
115, 84, 0, 18120, 55.884
116, 86, 0, 18888, 55.892
117, 87, 0, 19817, 55.900
117, 87, 0, 20425, 55.907
118, 87, 0, 20617, 55.914
119, 87, 0, 20777, 55.922
120, 87, 0, 20841, 55.930
121, 86, 0, 20953, 55.937
122, 84, 0, 21321, 55.945
123, 82, 0, 22554, 55.953
123, 79, 0, 23738, 55.960
124, 76, 0, 24315, 55.967
124, 73, 0, 24235, 55.976
124, 70, 0, 23178, 55.983
125, 68, 0, 21833, 55.992
125, 67, 0, 14534, 55.999
125, 67, 0, 0, 56.006
125, 68, 204, 0, 56.015
125, 69, 421, 0, 56.022
125, 72, 637, 0, 56.029
125, 72, 830, 0, 56.037
125, 72, 970, 0, 56.046
125, 72, 1023, 0, 56.052
125, 72, 1023, 0, 56.065
125, 72, 1023, 0, 56.074
125, 72, 1023, 0, 56.090
125, 72, 1023, 0, 56.095
125, 72, 1023, 0, 56.103
125, 72, 1023, 0, 56.109
125, 72, 1023, 0, 56.116
125, 72, 1023, 0, 56.123
125, 72, 1023, 0, 56.130
125, 72, 1023, 0, 56.136
125, 72, 1023, 0, 56.143
125, 72, 1023, 0, 56.151
125, 72, 1023, 0, 56.157
