44, 118, 1023, 0, 23.253
43, 117, 1023, 0, 23.255
43, 117, 1010, 0, 23.259
43, 117, 998, 0, 23.266
43, 117, 998, 0, 23.275
43, 116, 986, 0, 23.283
43, 116, 978, 0, 23.291
43, 116, 954, 0, 23.298
43, 117, 934, 0, 23.306
43, 117, 902, 0, 23.314
43, 117, 882, 0, 23.321
43, 117, 850, 0, 23.329
43, 118, 826, 0, 23.337
43, 118, 806, 0, 23.344
43, 118, 794, 0, 23.352
43, 118, 782, 0, 23.360
43, 118, 774, 0, 23.367
43, 118, 774, 0, 23.375
43, 118, 774, 0, 23.383
43, 118, 762, 0, 23.390
43, 118, 762, 0, 23.398
43, 119, 750, 0, 23.406
43, 119, 750, 0, 23.413
43, 119, 742, 0, 23.421
43, 120, 742, 0, 23.429
43, 120, 742, 0, 23.436
43, 120, 742, 0, 23.444
43, 120, 742, 0, 23.452
43, 120, 742, 0, 23.459
43, 119, 742, 0, 23.467
43, 119, 742, 0, 23.475
43, 119, 730, 0, 23.482
43, 120, 730, 0, 23.490
43, 120, 718, 0, 23.498
43, 120, 710, 0, 23.505
43, 120, 698, 0, 23.513
43, 120, 677, 0, 23.520
43, 120, 665, 0, 23.529
43, 120, 653, 0, 23.536
43, 120, 633, 0, 23.544
43, 120, 633, 0, 23.551
43, 120, 621, 0, 23.559
43, 120, 621, 0, 23.567
43, 120, 621, 0, 23.575
43, 120, 613, 0, 23.582
43, 120, 613, 0, 23.590
43, 120, 613, 0, 23.598
43, 120, 601, 0, 23.606
43, 120, 589, 0, 23.613
43, 120, 569, 0, 23.621
42, 120, 557, 0, 23.628
42, 120, 537, 0, 23.636
42, 120, 505, 0, 23.644
42, 120, 481, 0, 23.651
42, 120, 461, 0, 23.659
42, 120, 429, 0, 23.667
42, 120, 397, 0, 23.674
42, 120, 373, 0, 23.682
42, 120, 341, 0, 23.690
42, 120, 320, 0, 23.698
42, 120, 300, 0, 23.705
42, 120, 288, 0, 23.713
42, 119, 276, 0, 23.720
42, 119, 268, 0, 23.728
42, 119, 268, 0, 23.736
42, 119, 256, 0, 23.743
42, 119, 256, 0, 23.750
42, 118, 244, 0, 23.759
42, 118, 224, 0, 23.765
42, 118, 204, 0, 23.775
42, 118, 180, 0, 23.781
42, 118, 136, 0, 23.788
42, 117, 96, 0, 23.796
42, 117, 40, 0, 23.805
42, 117, 0, 0, 23.812
42, 117, 0, 0, 23.820
42, 116, 0, 0, 23.828
42, 116, 0, 9940, 23.835
42, 116, 0, 9892, 23.844
42, 116, 0, 9828, 23.851
42, 116, 0, 10132, 23.858
42, 116, 0, 9716, 23.866
42, 116, 0, 9604, 23.874
42, 117, 0, 9716, 23.881
42, 118, 0, 9956, 23.889
43, 119, 0, 11093, 23.896
43, 121, 0, 12133, 23.905
44, 124, 0, 12853, 23.911
44, 126, 0, 13318, 23.920
45, 129, 0, 13542, 23.927
46, 132, 0, 13974, 23.935
47, 135, 0, 13878, 23.943
47, 138, 0, 13846, 23.951
48, 141, 0, 13974, 23.958
49, 143, 0, 14102, 23.966
49, 145, 0, 14134, 23.974
50, 147, 0, 14790, 23.981
50, 149, 0, 15335, 23.989
50, 151, 0, 16471, 23.997
51, 152, 0, 17111, 24.003
51, 153, 0, 17415, 24.013
51, 154, 0, 17512, 24.020
51, 154, 0, 17512, 24.027
51, 154, 0, 17688, 24.034
51, 154, 0, 17383, 24.043
51, 153, 0, 16935, 24.049
51, 152, 0, 17463, 24.058
51, 150, 0, 17736, 24.065
51, 147, 0, 18424, 24.073
51, 144, 0, 18728, 24.081
51, 142, 0, 18632, 24.089
51, 139, 0, 19064, 24.096
50, 137, 0, 18920, 24.105
50, 135, 0, 18840, 24.113
50, 134, 0, 18824, 24.120
51, 133, 0, 18568, 24.127
51, 133, 0, 18456, 24.135
52, 134, 0, 18312, 24.142
53, 135, 0, 18200, 24.150
54, 136, 0, 18616, 24.158
55, 138, 0, 18280, 24.165
56, 140, 0, 17976, 24.173
57, 141, 0, 17944, 24.181
58, 142, 0, 17496, 24.189
58, 143, 0, 17720, 24.196
59, 142, 0, 17239, 24.203
59, 142, 0, 17255, 24.211
60, 140, 0, 17544, 24.220
60, 139, 0, 17672, 24.227
61, 137, 0, 17944, 24.234
61, 135, 0, 17720, 24.242
62, 133, 0, 17367, 24.249
62, 131, 0, 17512, 24.257
63, 130, 0, 16679, 24.264
64, 129, 0, 15046, 24.273
65, 128, 0, 14022, 24.280
66, 127, 0, 13414, 24.288
67, 127, 0, 13670, 24.296
68, 127, 0, 13510, 24.304
69, 126, 0, 13494, 24.311
70, 126, 0, 13654, 24.320
71, 126, 0, 13718, 24.327
72, 127, 0, 14006, 24.334
73, 127, 0, 14406, 24.342
73, 127, 0, 15303, 24.351
73, 128, 0, 16231, 24.357
73, 129, 0, 16631, 24.365
73, 129, 0, 17287, 24.373
73, 130, 0, 17816, 24.380
72, 131, 0, 18008, 24.388
71, 132, 0, 18984, 24.396
70, 133, 0, 19384, 24.403
69, 133, 0, 19961, 24.411
68, 133, 0, 20825, 24.419
68, 132, 0, 21129, 24.427
67, 130, 0, 21513, 24.434
66, 129, 0, 21417, 24.442
66, 127, 0, 21257, 24.449
65, 125, 0, 21689, 24.457
65, 124, 0, 21449, 24.465
66, 123, 0, 21161, 24.472
66, 122, 0, 20905, 24.480
67, 122, 0, 20377, 24.489
68, 123, 0, 20505, 24.495
69, 124, 0, 20153, 24.503
70, 125, 0, 19929, 24.511
71, 127, 0, 20105, 24.518
72, 129, 0, 19961, 24.526
73, 130, 0, 20057, 24.534
73, 131, 0, 19945, 24.542
74, 132, 0, 19801, 24.548
74, 133, 0, 20233, 24.557
74, 133, 0, 19929, 24.565
74, 132, 0, 20185, 24.573
74, 132, 0, 20553, 24.581
74, 131, 0, 20441, 24.587
74, 129, 0, 20825, 24.595
74, 128, 0, 20601, 24.603
74, 126, 0, 20473, 24.610
74, 125, 0, 20793, 24.618
74, 124, 0, 20745, 24.626
74, 123, 0, 20777, 24.633
75, 123, 0, 20665, 24.641
75, 123, 0, 20169, 24.649
76, 123, 0, 20521, 24.657
77, 124, 0, 20409, 24.664
78, 125, 0, 20489, 24.672
79, 128, 0, 20601, 24.679
81, 130, 0, 20473, 24.688
82, 133, 0, 20745, 24.695
84, 137, 0, 20457, 24.703
85, 140, 0, 20361, 24.711
86, 144, 0, 20521, 24.718
87, 147, 0, 20233, 24.726
88, 150, 0, 20345, 24.732
89, 152, 0, 20521, 24.742
89, 153, 0, 21289, 24.749
89, 153, 0, 23258, 24.756
89, 153, 0, 24091, 24.764
89, 152, 0, 24619, 24.772
89, 151, 0, 24731, 24.779
88, 150, 0, 24443, 24.787
88, 148, 0, 24731, 24.795
88, 145, 0, 24411, 24.803
87, 142, 0, 24219, 24.810
87, 139, 0, 24555, 24.818
87, 135, 0, 24507, 24.825
87, 132, 0, 24539, 24.833
87, 130, 0, 24491, 24.842
87, 127, 0, 24251, 24.848
87, 126, 0, 24779, 24.856
87, 124, 0, 24587, 24.865
87, 123, 0, 24491, 24.871
87, 123, 0, 24075, 24.879
87, 123, 0, 22842, 24.887
87, 123, 0, 21433, 24.894
87, 123, 0, 20121, 24.901
87, 124, 0, 19272, 24.909
86, 126, 0, 18008, 24.916
86, 128, 0, 16311, 24.925
85, 129, 0, 15303, 24.933
85, 131, 0, 14918, 24.940
84, 133, 0, 14646, 24.949
83, 134, 0, 15703, 24.956
82, 134, 0, 17447, 24.963
82, 135, 0, 18664, 24.971
81, 135, 0, 19416, 24.980
81, 135, 0, 20729, 24.987
81, 135, 0, 21866, 24.995
82, 134, 0, 21129, 25.002
82, 134, 0, 20905, 25.009
83, 133, 0, 21417, 25.017
84, 133, 0, 21337, 25.025
86, 132, 0, 21609, 25.032
87, 132, 0, 21994, 25.040
89, 132, 0, 21994, 25.049
90, 132, 0, 22506, 25.055
91, 132, 0, 22410, 25.063
93, 132, 0, 21866, 25.071
94, 132, 0, 20137, 25.079
95, 132, 0, 17800, 25.085
95, 131, 0, 15975, 25.094
95, 129, 0, 15222, 25.101
95, 128, 0, 14550, 25.108
95, 127, 0, 14630, 25.116
95, 125, 0, 14550, 25.125
95, 125, 0, 15335, 25.132
95, 124, 0, 17447, 25.141
95, 124, 0, 18840, 25.148
95, 124, 0, 20073, 25.155
96, 124, 0, 20009, 25.164
96, 124, 0, 20265, 25.172
97, 125, 0, 20953, 25.178
98, 126, 0, 20889, 25.186
99, 127, 0, 21033, 25.195
100, 128, 0, 20233, 25.201
100, 128, 0, 17800, 25.210
101, 129, 0, 14438, 25.218
102, 130, 0, 8339, 25.225
102, 130, 0, 0, 25.232
102, 131, 32, 0, 25.240
102, 132, 76, 0, 25.247
103, 132, 96, 0, 25.255
103, 133, 120, 0, 25.262
103, 134, 96, 0, 25.270
103, 134, 64, 0, 25.278
103, 135, 20, 0, 25.287
103, 137, 0, 0, 25.294
103, 138, 0, 0, 25.300
103, 140, 0, 15623, 25.309
103, 141, 0, 15142, 25.315
103, 143, 0, 14518, 25.324
103, 144, 0, 15286, 25.332
104, 145, 0, 15943, 25.339
104, 146, 0, 15831, 25.347
104, 147, 0, 15655, 25.356
105, 147, 0, 12469, 25.363
105, 148, 0, 2993, 25.370
105, 148, 0, 0, 25.378
105, 149, 116, 0, 25.385
104, 150, 248, 0, 25.393
104, 150, 377, 0, 25.401
103, 150, 473, 0, 25.409
103, 150, 521, 0, 25.416
103, 150, 509, 0, 25.425
103, 150, 425, 0, 25.432
104, 150, 284, 0, 25.439
104, 150, 140, 0, 25.447
104, 150, 0, 0, 25.456
104, 149, 0, 0, 25.463
104, 149, 0, 0, 25.470
104, 149, 0, 18312, 25.478
104, 149, 0, 14358, 25.486
104, 149, 0, 9908, 25.494
104, 150, 0, 0, 25.502
105, 150, 152, 0, 25.509
105, 150, 341, 0, 25.516
104, 150, 545, 0, 25.524
104, 150, 722, 0, 25.531
103, 150, 878, 0, 25.539
103, 150, 986, 0, 25.548
103, 150, 1023, 0, 25.554
103, 150, 1023, 0, 25.563
103, 150, 1023, 0, 25.570
103, 150, 1023, 0, 25.577
103, 150, 1023, 0, 25.585
103, 150, 1023, 0, 25.593
103, 150, 1023, 0, 25.606
103, 150, 1023, 0, 25.614
103, 150, 1023, 0, 25.632
103, 150, 1023, 0, 25.649
103, 150, 1023, 0, 25.666
103, 150, 1023, 0, 25.672
103, 150, 1023, 0, 25.679
103, 150, 1023, 0, 25.686
103, 150, 1023, 0, 25.692
103, 150, 1023, 0, 25.699
103, 150, 1023, 0, 25.706
103, 150, 1023, 0, 25.712
103, 150, 1023, 0, 25.719
103, 150, 1023, 0, 25.726
103, 150, 1023, 0, 25.732
