29, 106, 1023, 0, 00.985
29, 106, 1023, 0, 00.986
29, 106, 1023, 0, 00.987
30, 106, 1023, 0, 00.993
30, 106, 1023, 0, 01.001
30, 106, 1023, 0, 01.009
30, 107, 1023, 0, 01.016
30, 107, 1023, 0, 01.024
30, 107, 1023, 0, 01.032
31, 108, 1023, 0, 01.039
31, 108, 1023, 0, 01.047
32, 109, 1023, 0, 01.056
32, 109, 1023, 0, 01.063
32, 109, 998, 0, 01.070
33, 109, 986, 0, 01.079
33, 109, 974, 0, 01.085
33, 110, 962, 0, 01.093
33, 110, 954, 0, 01.101
33, 110, 942, 0, 01.108
33, 110, 918, 0, 01.115
33, 110, 906, 0, 01.124
33, 110, 886, 0, 01.131
33, 110, 874, 0, 01.139
33, 110, 862, 0, 01.148
33, 110, 850, 0, 01.154
33, 110, 838, 0, 01.162
33, 110, 838, 0, 01.170
33, 110, 826, 0, 01.178
33, 110, 818, 0, 01.186
33, 110, 818, 0, 01.192
33, 109, 818, 0, 01.200
33, 109, 806, 0, 01.208
33, 109, 806, 0, 01.216
33, 109, 794, 0, 01.225
34, 109, 782, 0, 01.233
34, 109, 770, 0, 01.239
34, 109, 738, 0, 01.247
34, 109, 714, 0, 01.255
34, 109, 669, 0, 01.262
34, 109, 633, 0, 01.270
34, 109, 589, 0, 01.277
34, 109, 533, 0, 01.286
34, 109, 485, 0, 01.294
34, 109, 429, 0, 01.300
34, 109, 361, 0, 01.307
34, 109, 280, 0, 01.315
35, 109, 192, 0, 01.324
35, 109, 76, 0, 01.332
35, 109, 0, 0, 01.339
35, 108, 0, 0, 01.346
35, 108, 0, 0, 01.354
35, 108, 0, 13430, 01.363
35, 108, 0, 13510, 01.369
35, 108, 0, 13478, 01.377
35, 108, 0, 13302, 01.385
35, 108, 0, 12965, 01.392
35, 108, 0, 12853, 01.400
36, 109, 0, 12645, 01.407
36, 109, 0, 13142, 01.415
36, 110, 0, 14230, 01.422
37, 110, 0, 14774, 01.432
37, 111, 0, 16023, 01.438
38, 113, 0, 16455, 01.446
38, 114, 0, 16775, 01.454
39, 116, 0, 17255, 01.462
39, 119, 0, 17720, 01.469
40, 122, 0, 18168, 01.477
41, 125, 0, 18488, 01.484
42, 128, 0, 18632, 01.492
42, 131, 0, 19128, 01.500
43, 135, 0, 19144, 01.507
44, 138, 0, 19224, 01.515
45, 141, 0, 19432, 01.524
46, 144, 0, 19224, 01.531
46, 146, 0, 19705, 01.539
47, 147, 0, 19544, 01.546
47, 149, 0, 19464, 01.554
47, 149, 0, 19769, 01.562
47, 150, 0, 19801, 01.570
48, 150, 0, 19977, 01.577
48, 150, 0, 20089, 01.585
48, 149, 0, 19929, 01.593
48, 149, 0, 20249, 01.600
48, 148, 0, 20041, 01.607
47, 146, 0, 20057, 01.616
47, 144, 0, 20201, 01.624
47, 141, 0, 20201, 01.631
47, 138, 0, 20601, 01.638
47, 135, 0, 20569, 01.645
47, 133, 0, 20393, 01.653
47, 131, 0, 20633, 01.662
47, 129, 0, 20521, 01.669
47, 128, 0, 20569, 01.676
47, 127, 0, 20537, 01.684
48, 127, 0, 20073, 01.693
49, 128, 0, 20345, 01.700
50, 130, 0, 20201, 01.708
51, 132, 0, 20297, 01.716
53, 135, 0, 20233, 01.723
54, 137, 0, 19528, 01.731
55, 139, 0, 18856, 01.739
56, 141, 0, 18216, 01.745
57, 141, 0, 17832, 01.753
57, 141, 0, 17864, 01.761
57, 140, 0, 18008, 01.768
57, 138, 0, 19064, 01.776
57, 135, 0, 20057, 01.784
57, 133, 0, 20137, 01.792
56, 130, 0, 20569, 01.799
56, 127, 0, 20633, 01.807
56, 125, 0, 21065, 01.814
56, 123, 0, 21593, 01.823
56, 122, 0, 21625, 01.831
57, 121, 0, 21705, 01.837
58, 120, 0, 21321, 01.845
59, 120, 0, 19256, 01.853
60, 120, 0, 15943, 01.859
61, 120, 0, 9620, 01.868
61, 120, 0, 0, 01.876
63, 121, 76, 0, 01.882
65, 121, 164, 0, 01.891
66, 121, 252, 0, 01.898
67, 121, 320, 0, 01.906
68, 121, 365, 0, 01.914
69, 122, 353, 0, 01.923
70, 122, 288, 0, 01.931
71, 123, 188, 0, 01.937
72, 123, 76, 0, 01.945
72, 123, 0, 0, 01.953
72, 124, 0, 0, 01.960
72, 124, 0, 21801, 01.968
72, 124, 0, 21994, 01.977
71, 125, 0, 22074, 01.984
71, 126, 0, 21930, 01.991
70, 126, 0, 22330, 01.998
70, 127, 0, 22170, 02.007
69, 127, 0, 22154, 02.015
68, 127, 0, 22314, 02.022
68, 126, 0, 22314, 02.029
67, 126, 0, 22522, 02.037
66, 124, 0, 22250, 02.045
66, 123, 0, 21946, 02.052
66, 121, 0, 22282, 02.060
65, 120, 0, 21930, 02.068
65, 119, 0, 21833, 02.075
66, 118, 0, 21850, 02.083
66, 117, 0, 21529, 02.091
67, 117, 0, 21866, 02.098
68, 118, 0, 21593, 02.106
69, 119, 0, 21433, 02.115
70, 120, 0, 21545, 02.122
71, 122, 0, 21497, 02.129
72, 124, 0, 21481, 02.137
73, 125, 0, 21225, 02.145
73, 127, 0, 20681, 02.152
74, 127, 0, 21033, 02.160
74, 128, 0, 20857, 02.168
74, 127, 0, 20953, 02.175
73, 126, 0, 21353, 02.183
73, 125, 0, 21177, 02.191
73, 123, 0, 21689, 02.198
72, 122, 0, 21577, 02.206
72, 120, 0, 21369, 02.213
72, 118, 0, 21609, 02.222
72, 116, 0, 21625, 02.230
72, 115, 0, 21930, 02.237
73, 114, 0, 22026, 02.244
73, 113, 0, 21753, 02.252
74, 113, 0, 22122, 02.259
75, 114, 0, 21850, 02.267
75, 114, 0, 21930, 02.275
76, 116, 0, 21978, 02.282
78, 118, 0, 21753, 02.289
79, 121, 0, 22282, 02.298
80, 124, 0, 22122, 02.304
81, 127, 0, 22010, 02.312
83, 131, 0, 22074, 02.320
84, 134, 0, 21833, 02.328
85, 137, 0, 21641, 02.335
85, 140, 0, 21593, 02.343
86, 142, 0, 21321, 02.351
86, 144, 0, 22026, 02.358
86, 144, 0, 22618, 02.366
86, 144, 0, 24139, 02.374
86, 144, 0, 25083, 02.381
86, 143, 0, 24939, 02.390
86, 142, 0, 25243, 02.398
85, 139, 0, 25003, 02.405
85, 137, 0, 24843, 02.413
84, 133, 0, 25339, 02.421
84, 130, 0, 25163, 02.427
83, 126, 0, 25403, 02.436
83, 123, 0, 25547, 02.444
83, 121, 0, 25339, 02.450
83, 119, 0, 25771, 02.459
83, 117, 0, 25531, 02.466
84, 116, 0, 25483, 02.473
84, 116, 0, 25307, 02.482
84, 115, 0, 24155, 02.490
85, 115, 0, 22634, 02.498
85, 115, 0, 20569, 02.505
85, 116, 0, 18296, 02.514
85, 117, 0, 16503, 02.520
85, 119, 0, 12949, 02.528
84, 121, 0, 8579, 02.537
84, 123, 0, 640, 02.543
84, 123, 0, 0, 02.552
83, 126, 0, 0, 02.559
82, 127, 0, 0, 02.566
81, 127, 0, 0, 02.574
81, 127, 0, 16391, 02.581
81, 127, 0, 18424, 02.589
80, 126, 0, 19865, 02.598
80, 125, 0, 20793, 02.605
80, 125, 0, 21305, 02.612
81, 125, 0, 21994, 02.621
81, 125, 0, 22186, 02.628
83, 125, 0, 23194, 02.636
84, 125, 0, 23930, 02.643
85, 125, 0, 24091, 02.651
87, 125, 0, 24603, 02.658
88, 125, 0, 24443, 02.666
90, 126, 0, 24315, 02.674
91, 126, 0, 23770, 02.683
92, 126, 0, 22266, 02.689
93, 125, 0, 20361, 02.697
94, 125, 0, 16983, 02.705
94, 124, 0, 12037, 02.712
94, 123, 0, 7219, 02.720
94, 122, 0, 2048, 02.729
94, 121, 0, 432, 02.735
94, 119, 0, 5506, 02.744
93, 118, 0, 10372, 02.752
93, 116, 0, 14374, 02.759
93, 115, 0, 16871, 02.767
93, 114, 0, 18280, 02.775
93, 114, 0, 19112, 02.782
93, 113, 0, 19160, 02.790
93, 113, 0, 19144, 02.798
94, 113, 0, 18824, 02.805
94, 113, 0, 18008, 02.812
95, 113, 0, 17239, 02.820
96, 114, 0, 14902, 02.827
96, 114, 0, 11093, 02.835
97, 115, 0, 3585, 02.843
97, 115, 0, 0, 02.851
97, 118, 80, 0, 02.859
97, 120, 196, 0, 02.866
97, 122, 316, 0, 02.873
97, 125, 409, 0, 02.881
97, 127, 481, 0, 02.889
98, 130, 513, 0, 02.897
98, 133, 493, 0, 02.904
98, 135, 385, 0, 02.912
99, 137, 256, 0, 02.918
99, 138, 104, 0, 02.926
99, 140, 0, 0, 02.935
99, 140, 0, 0, 02.942
99, 141, 0, 28156, 02.951
99, 141, 0, 27484, 02.959
99, 142, 0, 27308, 02.965
99, 142, 0, 25883, 02.973
99, 142, 0, 23066, 02.982
100, 142, 0, 20633, 02.988
100, 142, 0, 17528, 02.996
101, 142, 0, 10596, 03.004
101, 142, 0, 0, 03.011
101, 142, 108, 0, 03.021
101, 142, 240, 0, 03.028
101, 142, 381, 0, 03.036
100, 142, 525, 0, 03.042
100, 142, 657, 0, 03.050
100, 142, 766, 0, 03.058
99, 142, 854, 0, 03.066
99, 142, 934, 0, 03.073
98, 141, 998, 0, 03.081
98, 141, 1023, 0, 03.089
97, 141, 1023, 0, 03.096
96, 140, 1023, 0, 03.104
95, 140, 1023, 0, 03.111
94, 139, 1023, 0, 03.119
93, 138, 1023, 0, 03.127
92, 137, 1023, 0, 03.135
91, 136, 1023, 0, 03.142
91, 136, 1023, 0, 03.149
91, 136, 1023, 0, 03.156
85, 131, 1023, 0, 03.165
85, 131, 1023, 0, 03.181
85, 131, 1023, 0, 03.189
85, 131, 1023, 0, 03.196
85, 131, 1023, 0, 03.204
85, 131, 1023, 0, 03.211
85, 131, 1023, 0, 03.219
85, 131, 1023, 0, 03.227
85, 131, 1023, 0, 03.234
85, 131, 1023, 0, 03.241
85, 131, 1023, 0, 03.249
85, 131, 1023, 0, 03.257
85, 131, 1023, 0, 03.270
85, 131, 1023, 0, 03.278
85, 131, 1023, 0, 03.305
85, 131, 1023, 0, 03.323
85, 131, 1023, 0, 03.340
85, 131, 1023, 0, 03.358
85, 131, 1023, 0, 03.377
85, 131, 1023, 0, 03.400
85, 131, 1023, 0, 03.408
85, 131, 1023, 0, 03.415
85, 131, 1023, 0, 03.422
85, 131, 1023, 0, 03.427
85, 131, 1023, 0, 03.434
85, 131, 1023, 0, 03.441
85, 131, 1023, 0, 03.447
85, 131, 1023, 0, 03.455
85, 131, 1023, 0, 03.462
85, 131, 1023, 0, 03.467
