30, 138, 1023, 0, 18.071
30, 139, 1023, 0, 18.072
30, 139, 1023, 0, 18.073
30, 139, 1023, 0, 18.075
30, 140, 1023, 0, 18.082
30, 140, 1023, 0, 18.090
31, 140, 1023, 0, 18.098
31, 141, 1023, 0, 18.106
31, 141, 1023, 0, 18.114
31, 141, 1023, 0, 18.121
31, 141, 1023, 0, 18.129
31, 141, 1023, 0, 18.136
31, 142, 1023, 0, 18.144
31, 142, 1023, 0, 18.152
31, 142, 1023, 0, 18.159
31, 141, 1023, 0, 18.167
31, 141, 1023, 0, 18.175
31, 141, 994, 0, 18.182
31, 141, 970, 0, 18.190
31, 142, 946, 0, 18.199
31, 142, 922, 0, 18.206
31, 142, 894, 0, 18.214
31, 142, 870, 0, 18.221
31, 142, 846, 0, 18.229
30, 142, 822, 0, 18.237
30, 142, 798, 0, 18.245
30, 141, 770, 0, 18.252
30, 141, 746, 0, 18.260
30, 140, 746, 0, 18.267
29, 140, 722, 0, 18.275
29, 139, 698, 0, 18.282
29, 139, 669, 0, 18.291
29, 139, 645, 0, 18.298
28, 139, 621, 0, 18.306
28, 139, 597, 0, 18.313
28, 139, 573, 0, 18.320
28, 139, 573, 0, 18.328
27, 139, 573, 0, 18.336
27, 139, 573, 0, 18.343
27, 139, 573, 0, 18.352
27, 138, 597, 0, 18.360
27, 138, 597, 0, 18.366
27, 138, 597, 0, 18.374
27, 138, 597, 0, 18.382
27, 138, 597, 0, 18.390
27, 138, 597, 0, 18.397
26, 138, 573, 0, 18.405
26, 138, 573, 0, 18.412
26, 138, 573, 0, 18.420
26, 138, 597, 0, 18.428
25, 138, 621, 0, 18.435
25, 138, 621, 0, 18.443
25, 138, 645, 0, 18.451
25, 138, 645, 0, 18.458
25, 137, 669, 0, 18.466
25, 137, 645, 0, 18.474
25, 137, 645, 0, 18.482
25, 137, 621, 0, 18.489
25, 137, 597, 0, 18.497
25, 137, 573, 0, 18.505
25, 138, 545, 0, 18.512
25, 138, 545, 0, 18.520
25, 138, 545, 0, 18.528
25, 139, 545, 0, 18.535
25, 139, 573, 0, 18.544
25, 139, 597, 0, 18.552
25, 140, 621, 0, 18.559
25, 140, 621, 0, 18.567
25, 140, 645, 0, 18.575
26, 140, 645, 0, 18.581
26, 140, 669, 0, 18.589
26, 141, 669, 0, 18.598
26, 141, 645, 0, 18.605
26, 141, 645, 0, 18.613
26, 141, 645, 0, 18.621
26, 141, 621, 0, 18.629
26, 141, 597, 0, 18.636
26, 142, 597, 0, 18.644
26, 142, 573, 0, 18.651
26, 142, 573, 0, 18.659
27, 142, 573, 0, 18.666
27, 142, 545, 0, 18.674
27, 142, 545, 0, 18.681
27, 143, 545, 0, 18.690
27, 143, 521, 0, 18.697
27, 143, 497, 0, 18.705
27, 143, 473, 0, 18.713
27, 143, 445, 0, 18.720
27, 143, 421, 0, 18.728
27, 143, 397, 0, 18.736
28, 143, 349, 0, 18.742
28, 143, 320, 0, 18.751
28, 143, 272, 0, 18.759
28, 143, 248, 0, 18.766
28, 143, 196, 0, 18.774
28, 143, 148, 0, 18.782
28, 143, 96, 0, 18.789
28, 143, 48, 0, 18.797
28, 143, 0, 0, 18.804
28, 143, 0, 0, 18.813
28, 143, 0, 0, 18.820
28, 143, 0, 0, 18.828
28, 143, 0, 0, 18.835
28, 143, 0, 0, 18.843
28, 143, 0, 0, 18.850
28, 143, 0, 0, 18.859
28, 142, 0, 0, 18.865
28, 142, 0, 0, 18.874
28, 142, 0, 0, 18.882
28, 142, 0, 0, 18.889
28, 142, 0, 0, 18.897
28, 142, 0, 0, 18.904
28, 143, 12, 0, 18.911
28, 143, 28, 0, 18.920
28, 143, 56, 0, 18.928
27, 143, 72, 0, 18.934
27, 143, 100, 0, 18.942
27, 143, 132, 0, 18.951
27, 144, 144, 0, 18.958
27, 144, 176, 0, 18.965
27, 144, 204, 0, 18.974
27, 144, 236, 0, 18.981
27, 144, 280, 0, 18.988
27, 144, 308, 0, 18.997
27, 144, 341, 0, 19.003
27, 144, 369, 0, 19.011
27, 145, 397, 0, 19.020
27, 145, 413, 0, 19.026
27, 145, 429, 0, 19.035
27, 145, 441, 0, 19.042
27, 145, 457, 0, 19.050
27, 145, 457, 0, 19.058
26, 145, 457, 0, 19.065
26, 145, 457, 0, 19.074
26, 146, 457, 0, 19.080
26, 146, 441, 0, 19.089
26, 146, 429, 0, 19.095
26, 146, 413, 0, 19.104
26, 146, 397, 0, 19.112
26, 146, 385, 0, 19.120
26, 145, 369, 0, 19.126
26, 145, 341, 0, 19.135
26, 145, 324, 0, 19.143
26, 145, 308, 0, 19.150
26, 145, 280, 0, 19.157
26, 145, 264, 0, 19.165
26, 145, 248, 0, 19.172
26, 145, 220, 0, 19.181
26, 145, 204, 0, 19.189
27, 145, 192, 0, 19.196
27, 145, 192, 0, 19.203
27, 145, 176, 0, 19.211
27, 146, 160, 0, 19.218
27, 146, 144, 0, 19.227
27, 146, 144, 0, 19.235
27, 146, 132, 0, 19.242
27, 146, 116, 0, 19.250
27, 146, 116, 0, 19.258
27, 147, 100, 0, 19.265
27, 147, 88, 0, 19.273
27, 147, 72, 0, 19.280
28, 147, 44, 0, 19.288
28, 147, 28, 0, 19.295
28, 147, 0, 0, 19.304
28, 147, 0, 0, 19.310
28, 147, 0, 0, 19.319
28, 147, 0, 0, 19.327
28, 147, 0, 0, 19.334
28, 147, 0, 0, 19.341
28, 147, 0, 0, 19.350
28, 147, 0, 0, 19.358
28, 147, 0, 0, 19.365
28, 147, 0, 0, 19.372
28, 147, 0, 0, 19.380
28, 147, 0, 0, 19.388
28, 147, 0, 0, 19.396
29, 147, 0, 0, 19.403
29, 147, 0, 0, 19.411
29, 146, 0, 0, 19.418
29, 146, 0, 0, 19.426
29, 146, 0, 0, 19.434
29, 146, 0, 0, 19.442
29, 146, 0, 0, 19.448
29, 146, 0, 0, 19.457
29, 145, 0, 0, 19.464
29, 145, 0, 0, 19.473
29, 145, 0, 0, 19.480
29, 145, 0, 0, 19.488
29, 145, 0, 0, 19.495
30, 145, 0, 0, 19.502
30, 145, 0, 0, 19.511
30, 145, 0, 0, 19.518
30, 145, 0, 0, 19.526
30, 146, 0, 0, 19.534
30, 146, 0, 0, 19.542
31, 146, 0, 992, 19.549
31, 146, 0, 944, 19.557
31, 146, 0, 1056, 19.565
31, 146, 0, 1840, 19.572
31, 147, 0, 2625, 19.580
31, 147, 0, 3441, 19.588
31, 147, 0, 4289, 19.595
31, 147, 0, 4882, 19.603
32, 147, 0, 5714, 19.611
32, 147, 0, 6867, 19.617
32, 148, 0, 8163, 19.626
32, 148, 0, 9492, 19.634
32, 148, 0, 11045, 19.641
31, 148, 0, 13334, 19.648
31, 148, 0, 14310, 19.657
31, 149, 0, 14662, 19.664
30, 149, 0, 15094, 19.672
30, 149, 0, 15351, 19.679
29, 149, 0, 15479, 19.687
28, 150, 0, 15479, 19.695
26, 150, 0, 15591, 19.703
25, 150, 0, 15543, 19.710
23, 150, 0, 15431, 19.718
22, 149, 0, 15623, 19.726
20, 149, 0, 15575, 19.733
18, 148, 0, 15575, 19.741
16, 148, 0, 15735, 19.750
14, 147, 0, 15687, 19.757
13, 145, 0, 15623, 19.763
11, 144, 0, 16215, 19.772
10, 142, 0, 17031, 19.778
8, 140, 0, 17415, 19.787
7, 138, 0, 17672, 19.795
6, 136, 0, 17944, 19.801
6, 134, 0, 17960, 19.809
6, 133, 0, 17896, 19.818
6, 131, 0, 17880, 19.826
6, 130, 0, 17912, 19.833
7, 128, 0, 17848, 19.840
7, 127, 0, 17800, 19.848
9, 126, 0, 17880, 19.856
10, 125, 0, 17912, 19.864
12, 124, 0, 17784, 19.871
13, 123, 0, 17800, 19.879
15, 122, 0, 17720, 19.886
17, 121, 0, 17608, 19.895
19, 120, 0, 17688, 19.902
21, 120, 0, 17736, 19.910
23, 119, 0, 17736, 19.918
26, 118, 0, 17752, 19.925
28, 118, 0, 17672, 19.933
30, 116, 0, 17720, 19.941
32, 115, 0, 17752, 19.947
35, 113, 0, 17832, 19.956
37, 111, 0, 17704, 19.964
39, 109, 0, 17704, 19.971
40, 107, 0, 17864, 19.979
42, 104, 0, 17736, 19.987
43, 102, 0, 17928, 19.994
44, 100, 0, 17944, 20.002
45, 97, 0, 17976, 20.010
45, 95, 0, 18024, 20.016
45, 93, 0, 18760, 20.025
44, 90, 0, 19929, 20.032
43, 88, 0, 21353, 20.039
42, 85, 0, 22938, 20.048
40, 82, 0, 23962, 20.056
38, 79, 0, 24235, 20.063
36, 76, 0, 24315, 20.070
33, 73, 0, 24507, 20.079
30, 71, 0, 24459, 20.086
27, 68, 0, 24747, 20.094
24, 66, 0, 24411, 20.101
21, 65, 0, 24379, 20.109
19, 64, 0, 24411, 20.117
16, 63, 0, 24235, 20.125
14, 63, 0, 24043, 20.132
12, 64, 0, 23594, 20.140
10, 65, 0, 23466, 20.148
9, 66, 0, 23146, 20.156
8, 68, 0, 22858, 20.163
7, 69, 0, 22490, 20.171
7, 71, 0, 21817, 20.178
7, 72, 0, 21161, 20.186
8, 73, 0, 20681, 20.194
9, 74, 0, 20313, 20.201
10, 75, 0, 19865, 20.209
11, 75, 0, 19416, 20.217
13, 75, 0, 19272, 20.225
15, 75, 0, 19256, 20.231
17, 75, 0, 19240, 20.240
19, 74, 0, 19416, 20.248
22, 73, 0, 19528, 20.254
24, 72, 0, 19689, 20.263
27, 71, 0, 20089, 20.270
29, 70, 0, 20553, 20.278
32, 69, 0, 21161, 20.285
34, 68, 0, 21465, 20.293
37, 68, 0, 21529, 20.301
40, 68, 0, 21689, 20.309
42, 70, 0, 22058, 20.315
45, 71, 0, 22426, 20.324
47, 74, 0, 22746, 20.331
49, 77, 0, 22762, 20.340
52, 80, 0, 22714, 20.347
53, 84, 0, 23034, 20.356
55, 88, 0, 23082, 20.363
56, 91, 0, 22634, 20.370
56, 95, 0, 22074, 20.378
57, 99, 0, 21529, 20.386
57, 101, 0, 20937, 20.392
57, 104, 0, 20761, 20.400
58, 105, 0, 20777, 20.409
58, 106, 0, 21241, 20.417
58, 107, 0, 22346, 20.425
58, 107, 0, 23818, 20.432
58, 107, 0, 24459, 20.439
58, 107, 0, 24475, 20.447
58, 106, 0, 24235, 20.455
59, 106, 0, 23930, 20.462
60, 106, 0, 23882, 20.470
61, 105, 0, 23850, 20.477
62, 105, 0, 23850, 20.485
64, 105, 0, 23946, 20.494
65, 105, 0, 23978, 20.501
67, 105, 0, 24107, 20.508
69, 106, 0, 24155, 20.516
71, 106, 0, 23882, 20.523
73, 107, 0, 23386, 20.530
75, 109, 0, 22810, 20.539
77, 110, 0, 22202, 20.548
78, 111, 0, 21593, 20.555
79, 113, 0, 21625, 20.562
80, 114, 0, 21593, 20.570
80, 115, 0, 21433, 20.577
80, 115, 0, 21129, 20.585
80, 115, 0, 21097, 20.593
79, 115, 0, 20537, 20.600
77, 114, 0, 20457, 20.607
75, 112, 0, 20265, 20.615
73, 110, 0, 20425, 20.622
71, 107, 0, 21049, 20.631
68, 104, 0, 22010, 20.639
66, 100, 0, 22698, 20.646
63, 95, 0, 23114, 20.653
60, 91, 0, 23242, 20.662
58, 87, 0, 23258, 20.670
55, 83, 0, 23434, 20.677
53, 79, 0, 23530, 20.685
52, 76, 0, 23226, 20.692
51, 74, 0, 23210, 20.699
50, 73, 0, 23322, 20.708
50, 72, 0, 23482, 20.715
50, 72, 0, 23658, 20.722
50, 73, 0, 23818, 20.731
51, 75, 0, 23674, 20.739
52, 76, 0, 23626, 20.745
54, 78, 0, 23578, 20.754
56, 80, 0, 23690, 20.762
58, 82, 0, 23818, 20.769
60, 83, 0, 23722, 20.777
63, 84, 0, 23498, 20.785
65, 85, 0, 23514, 20.792
68, 85, 0, 23498, 20.800
70, 85, 0, 23706, 20.807
72, 84, 0, 23642, 20.814
74, 83, 0, 23594, 20.822
77, 83, 0, 23914, 20.831
79, 83, 0, 24187, 20.838
81, 83, 0, 24427, 20.846
83, 83, 0, 24427, 20.854
85, 84, 0, 24411, 20.861
87, 86, 0, 24411, 20.869
89, 88, 0, 24363, 20.876
91, 91, 0, 24523, 20.883
93, 95, 0, 24619, 20.892
94, 99, 0, 24635, 20.900
96, 103, 0, 24347, 20.907
97, 107, 0, 23578, 20.915
98, 112, 0, 22490, 20.923
99, 115, 0, 20425, 20.930
99, 118, 0, 17944, 20.938
99, 120, 0, 16471, 20.946
99, 122, 0, 16359, 20.954
98, 122, 0, 16631, 20.961
97, 121, 0, 17640, 20.968
97, 120, 0, 19256, 20.976
96, 118, 0, 20617, 20.984
95, 115, 0, 21962, 20.991
95, 112, 0, 22794, 20.999
95, 109, 0, 23722, 21.006
95, 106, 0, 24667, 21.014
95, 102, 0, 25019, 21.022
96, 99, 0, 25083, 21.030
97, 97, 0, 25227, 21.038
99, 94, 0, 25067, 21.046
100, 93, 0, 25243, 21.052
102, 91, 0, 24955, 21.061
104, 91, 0, 24475, 21.068
106, 91, 0, 23770, 21.076
108, 91, 0, 23082, 21.084
109, 93, 0, 22730, 21.092
111, 95, 0, 22650, 21.099
112, 98, 0, 22746, 21.107
113, 102, 0, 22730, 21.114
114, 105, 0, 22490, 21.122
114, 109, 0, 22314, 21.130
114, 113, 0, 22250, 21.138
114, 116, 0, 21882, 21.145
114, 119, 0, 21657, 21.153
114, 121, 0, 21769, 21.160
114, 122, 0, 21978, 21.167
114, 122, 0, 22794, 21.175
113, 121, 0, 23146, 21.183
113, 118, 0, 23258, 21.190
112, 115, 0, 23530, 21.198
112, 112, 0, 23946, 21.206
111, 107, 0, 24155, 21.213
111, 102, 0, 24315, 21.222
110, 96, 0, 23946, 21.230
110, 89, 0, 23658, 21.237
110, 82, 0, 23306, 21.245
110, 75, 0, 23274, 21.252
110, 68, 0, 23338, 21.260
110, 60, 0, 23626, 21.268
111, 53, 0, 24010, 21.276
111, 45, 0, 24539, 21.282
111, 39, 0, 24779, 21.291
111, 33, 0, 25099, 21.298
111, 28, 0, 25131, 21.307
111, 24, 0, 25339, 21.313
110, 21, 0, 25547, 21.322
109, 19, 0, 25147, 21.330
107, 18, 0, 24731, 21.337
106, 18, 0, 24059, 21.345
103, 18, 0, 23674, 21.352
102, 20, 0, 23018, 21.360
100, 23, 0, 22570, 21.367
99, 26, 0, 20313, 21.375
98, 30, 0, 19769, 21.382
98, 34, 0, 19929, 21.391
98, 39, 0, 20521, 21.398
98, 44, 0, 21609, 21.406
99, 50, 0, 22474, 21.413
100, 56, 0, 23098, 21.422
101, 62, 0, 23562, 21.429
103, 68, 0, 23546, 21.437
105, 74, 0, 23898, 21.445
108, 80, 0, 23674, 21.452
110, 86, 0, 23914, 21.460
113, 91, 0, 23738, 21.468
116, 95, 0, 23690, 21.475
119, 100, 0, 24091, 21.483
122, 103, 0, 23690, 21.491
125, 106, 0, 23690, 21.498
127, 109, 0, 23546, 21.506
129, 111, 0, 23178, 21.514
131, 112, 0, 22554, 21.521
132, 112, 0, 21930, 21.529
133, 112, 0, 21609, 21.538
134, 111, 0, 21257, 21.544
135, 109, 0, 21241, 21.552
135, 107, 0, 21337, 21.560
135, 104, 0, 21577, 21.567
136, 100, 0, 22234, 21.575
136, 97, 0, 23162, 21.583
136, 93, 0, 23898, 21.590
136, 89, 0, 24171, 21.598
136, 85, 0, 24251, 21.606
136, 83, 0, 24379, 21.613
136, 81, 0, 24491, 21.621
137, 80, 0, 24347, 21.629
137, 80, 0, 24363, 21.636
138, 81, 0, 24331, 21.644
138, 83, 0, 24955, 21.652
139, 86, 0, 25467, 21.659
141, 89, 0, 25563, 21.668
142, 94, 0, 25435, 21.675
144, 98, 0, 25611, 21.681
145, 103, 0, 25643, 21.689
147, 107, 0, 25419, 21.697
149, 111, 0, 25403, 21.706
150, 113, 0, 25323, 21.713
152, 115, 0, 24843, 21.720
153, 116, 0, 24251, 21.728
153, 116, 0, 23642, 21.736
153, 115, 0, 23018, 21.745
153, 113, 0, 23018, 21.752
153, 110, 0, 23418, 21.759
153, 106, 0, 24139, 21.767
152, 102, 0, 24875, 21.775
152, 99, 0, 25067, 21.781
151, 96, 0, 25451, 21.790
151, 93, 0, 25755, 21.797
151, 91, 0, 25755, 21.804
152, 91, 0, 26043, 21.813
152, 91, 0, 26075, 21.821
153, 92, 0, 26203, 21.828
154, 94, 0, 26364, 21.836
155, 97, 0, 26604, 21.844
156, 100, 0, 26716, 21.851
158, 104, 0, 26540, 21.859
159, 108, 0, 26284, 21.867
161, 113, 0, 25547, 21.874
163, 116, 0, 24459, 21.882
164, 119, 0, 23402, 21.890
166, 121, 0, 22458, 21.896
166, 123, 0, 21962, 21.905
167, 123, 0, 21930, 21.913
167, 122, 0, 21625, 21.920
167, 120, 0, 21978, 21.928
167, 118, 0, 23274, 21.935
166, 115, 0, 24443, 21.942
166, 111, 0, 24651, 21.950
165, 108, 0, 25531, 21.959
165, 104, 0, 26364, 21.966
165, 101, 0, 26748, 21.974
165, 98, 0, 27292, 21.982
165, 96, 0, 27708, 21.989
166, 95, 0, 27836, 21.996
167, 95, 0, 27676, 22.004
168, 95, 0, 27628, 22.011
169, 96, 0, 27612, 22.019
170, 97, 0, 27548, 22.029
172, 99, 0, 27196, 22.035
173, 102, 0, 26364, 22.043
174, 104, 0, 25227, 22.051
175, 106, 0, 23850, 22.058
176, 107, 0, 22442, 22.065
177, 107, 0, 21817, 22.074
178, 107, 0, 21785, 22.082
179, 105, 0, 22154, 22.089
179, 103, 0, 23978, 22.097
180, 100, 0, 25707, 22.104
181, 97, 0, 26187, 22.112
181, 94, 0, 26860, 22.120
182, 92, 0, 27772, 22.127
183, 90, 0, 28380, 22.135
185, 89, 0, 28477, 22.143
186, 89, 0, 28653, 22.151
188, 90, 0, 28909, 22.157
190, 91, 0, 28925, 22.166
192, 94, 0, 28829, 22.174
194, 97, 0, 28509, 22.180
196, 100, 0, 27948, 22.189
198, 104, 0, 27020, 22.197
199, 108, 0, 26075, 22.204
200, 112, 0, 24923, 22.212
201, 115, 0, 23690, 22.220
201, 119, 0, 22442, 22.227
200, 121, 0, 21962, 22.234
199, 123, 0, 21930, 22.243
198, 124, 0, 22026, 22.249
196, 124, 0, 22266, 22.258
193, 123, 0, 22282, 22.266
191, 122, 0, 22570, 22.273
188, 120, 0, 23066, 22.280
185, 117, 0, 23530, 22.289
183, 114, 0, 23802, 22.296
181, 110, 0, 23850, 22.304
179, 106, 0, 24411, 22.312
178, 102, 0, 24811, 22.318
177, 97, 0, 25483, 22.327
176, 93, 0, 26348, 22.335
177, 90, 0, 27100, 22.342
177, 87, 0, 27548, 22.349
179, 86, 0, 27804, 22.358
180, 85, 0, 27916, 22.365
183, 85, 0, 28060, 22.373
185, 86, 0, 28156, 22.381
188, 89, 0, 28252, 22.388
191, 92, 0, 28493, 22.396
194, 96, 0, 28156, 22.404
198, 100, 0, 28236, 22.411
201, 105, 0, 27916, 22.419
204, 109, 0, 27468, 22.427
207, 114, 0, 27052, 22.434
210, 117, 0, 26412, 22.442
212, 120, 0, 26107, 22.449
214, 122, 0, 26043, 22.457
215, 122, 0, 26107, 22.464
215, 122, 0, 25899, 22.472
215, 120, 0, 25515, 22.480
214, 118, 0, 25803, 22.489
214, 115, 0, 26075, 22.497
212, 111, 0, 26396, 22.504
211, 108, 0, 26588, 22.511
210, 104, 0, 26556, 22.519
209, 100, 0, 26492, 22.525
209, 97, 0, 26444, 22.533
208, 95, 0, 26780, 22.542
208, 94, 0, 27196, 22.550
208, 93, 0, 27324, 22.557
209, 93, 0, 27340, 22.564
210, 94, 0, 27596, 22.573
212, 96, 0, 27756, 22.580
213, 99, 0, 28012, 22.587
216, 102, 0, 28028, 22.596
218, 105, 0, 27628, 22.603
221, 108, 0, 27612, 22.610
223, 111, 0, 27692, 22.619
226, 113, 0, 27500, 22.627
228, 114, 0, 27036, 22.634
229, 114, 0, 26924, 22.642
231, 112, 0, 26732, 22.648
231, 110, 0, 26892, 22.657
232, 107, 0, 27420, 22.664
232, 103, 0, 28092, 22.671
233, 100, 0, 29149, 22.679
234, 96, 0, 29805, 22.687
234, 94, 0, 30429, 22.694
236, 92, 0, 30477, 22.702
237, 90, 0, 30349, 22.710
239, 90, 0, 30109, 22.718
241, 90, 0, 29869, 22.726
244, 91, 0, 29597, 22.734
247, 93, 0, 28973, 22.740
249, 96, 0, 27804, 22.749
252, 101, 0, 25355, 22.757
253, 106, 0, 21545, 22.764
255, 113, 0, 14678, 22.772
255, 113, 0, 0, 22.781
255, 120, 284, 0, 22.787
255, 120, 569, 0, 22.800
255, 120, 818, 0, 22.807
255, 120, 1023, 0, 22.814
255, 120, 1023, 0, 22.819
255, 120, 1023, 0, 22.827
255, 120, 1023, 0, 22.834
255, 120, 1023, 0, 22.840
255, 120, 1023, 0, 22.847
255, 120, 1023, 0, 22.854
255, 120, 1023, 0, 22.860
255, 120, 1023, 0, 22.867
