39, 119, 1023, 0, 20.101
38, 120, 890, 0, 20.102
38, 120, 878, 0, 20.103
37, 120, 866, 0, 20.109
37, 121, 838, 0, 20.117
37, 121, 826, 0, 20.126
36, 121, 802, 0, 20.133
35, 121, 762, 0, 20.141
35, 122, 722, 0, 20.149
34, 122, 686, 0, 20.157
33, 122, 657, 0, 20.164
33, 123, 633, 0, 20.172
32, 123, 605, 0, 20.179
31, 123, 605, 0, 20.187
31, 124, 605, 0, 20.195
30, 124, 617, 0, 20.202
29, 125, 633, 0, 20.210
29, 125, 645, 0, 20.218
28, 125, 657, 0, 20.225
28, 126, 686, 0, 20.233
27, 126, 698, 0, 20.241
27, 126, 710, 0, 20.247
26, 127, 734, 0, 20.256
26, 127, 750, 0, 20.264
26, 128, 762, 0, 20.271
25, 128, 774, 0, 20.279
25, 129, 786, 0, 20.287
25, 129, 802, 0, 20.295
24, 130, 814, 0, 20.302
24, 131, 838, 0, 20.311
24, 131, 854, 0, 20.317
24, 131, 866, 0, 20.325
24, 132, 878, 0, 20.333
24, 132, 890, 0, 20.340
24, 132, 902, 0, 20.347
24, 133, 902, 0, 20.356
24, 133, 902, 0, 20.363
24, 133, 890, 0, 20.371
24, 133, 890, 0, 20.378
24, 134, 878, 0, 20.387
24, 134, 854, 0, 20.394
24, 134, 838, 0, 20.402
24, 135, 814, 0, 20.410
24, 135, 802, 0, 20.417
24, 135, 774, 0, 20.425
24, 136, 750, 0, 20.433
24, 136, 722, 0, 20.440
24, 136, 710, 0, 20.447
24, 136, 698, 0, 20.456
24, 137, 686, 0, 20.463
24, 137, 669, 0, 20.471
24, 137, 657, 0, 20.479
24, 138, 657, 0, 20.486
24, 138, 657, 0, 20.494
24, 138, 669, 0, 20.502
24, 139, 669, 0, 20.509
24, 139, 686, 0, 20.516
25, 140, 698, 0, 20.526
25, 140, 710, 0, 20.532
25, 141, 710, 0, 20.540
25, 141, 722, 0, 20.547
26, 141, 734, 0, 20.556
26, 142, 750, 0, 20.564
27, 142, 762, 0, 20.572
27, 143, 774, 0, 20.579
27, 143, 786, 0, 20.587
27, 143, 786, 0, 20.594
28, 144, 802, 0, 20.601
28, 144, 802, 0, 20.609
28, 144, 814, 0, 20.617
28, 145, 814, 0, 20.624
29, 145, 814, 0, 20.632
29, 145, 814, 0, 20.640
29, 145, 814, 0, 20.648
29, 145, 826, 0, 20.655
29, 145, 826, 0, 20.663
30, 145, 826, 0, 20.670
30, 145, 838, 0, 20.678
30, 145, 838, 0, 20.686
30, 145, 838, 0, 20.693
30, 145, 826, 0, 20.701
31, 145, 826, 0, 20.709
31, 145, 814, 0, 20.716
31, 145, 814, 0, 20.724
31, 145, 802, 0, 20.731
31, 145, 786, 0, 20.739
32, 145, 786, 0, 20.747
32, 145, 786, 0, 20.755
32, 145, 786, 0, 20.764
32, 145, 774, 0, 20.771
32, 145, 774, 0, 20.778
32, 145, 774, 0, 20.785
33, 145, 762, 0, 20.793
33, 145, 750, 0, 20.801
33, 145, 734, 0, 20.809
33, 145, 722, 0, 20.816
34, 145, 710, 0, 20.825
34, 145, 698, 0, 20.832
34, 145, 686, 0, 20.839
34, 145, 669, 0, 20.847
34, 145, 669, 0, 20.855
34, 145, 657, 0, 20.862
34, 145, 657, 0, 20.870
35, 145, 645, 0, 20.878
35, 145, 645, 0, 20.885
35, 145, 645, 0, 20.892
35, 145, 645, 0, 20.900
35, 145, 645, 0, 20.907
35, 145, 657, 0, 20.916
35, 146, 657, 0, 20.924
35, 146, 669, 0, 20.931
35, 146, 686, 0, 20.939
35, 146, 710, 0, 20.948
35, 146, 722, 0, 20.954
35, 146, 734, 0, 20.962
35, 146, 750, 0, 20.970
35, 146, 774, 0, 20.977
35, 146, 786, 0, 20.985
35, 146, 786, 0, 20.993
35, 147, 802, 0, 21.000
35, 147, 814, 0, 21.008
35, 147, 814, 0, 21.017
35, 147, 826, 0, 21.024
35, 148, 826, 0, 21.031
35, 148, 838, 0, 21.040
36, 148, 838, 0, 21.047
36, 149, 854, 0, 21.054
36, 149, 854, 0, 21.062
36, 149, 854, 0, 21.069
36, 149, 854, 0, 21.077
36, 149, 854, 0, 21.085
36, 149, 838, 0, 21.092
36, 149, 838, 0, 21.100
37, 149, 826, 0, 21.108
37, 149, 826, 0, 21.115
37, 149, 814, 0, 21.123
37, 149, 814, 0, 21.130
37, 149, 802, 0, 21.139
37, 149, 786, 0, 21.146
38, 149, 786, 0, 21.154
38, 149, 774, 0, 21.162
38, 150, 762, 0, 21.169
38, 150, 750, 0, 21.177
38, 150, 750, 0, 21.185
38, 150, 734, 0, 21.192
38, 150, 734, 0, 21.200
38, 150, 734, 0, 21.209
38, 150, 722, 0, 21.215
38, 150, 722, 0, 21.224
38, 150, 722, 0, 21.231
38, 150, 710, 0, 21.238
39, 150, 710, 0, 21.246
39, 150, 710, 0, 21.255
39, 151, 710, 0, 21.261
39, 151, 710, 0, 21.269
39, 151, 710, 0, 21.277
39, 151, 710, 0, 21.284
39, 151, 698, 0, 21.293
39, 151, 698, 0, 21.301
39, 151, 686, 0, 21.306
39, 151, 686, 0, 21.315
39, 151, 669, 0, 21.324
39, 151, 645, 0, 21.331
39, 151, 633, 0, 21.339
39, 151, 605, 0, 21.346
39, 151, 593, 0, 21.353
40, 152, 569, 0, 21.361
40, 152, 541, 0, 21.369
40, 152, 517, 0, 21.376
40, 152, 501, 0, 21.384
40, 152, 477, 0, 21.391
41, 152, 449, 0, 21.399
41, 152, 437, 0, 21.407
41, 152, 413, 0, 21.415
41, 152, 373, 0, 21.422
41, 152, 349, 0, 21.430
42, 152, 308, 0, 21.438
42, 152, 268, 0, 21.445
42, 152, 232, 0, 21.453
42, 152, 192, 0, 21.461
42, 152, 152, 0, 21.468
43, 152, 116, 0, 21.476
43, 152, 64, 0, 21.483
43, 151, 24, 0, 21.492
43, 151, 0, 0, 21.499
43, 151, 0, 0, 21.506
44, 151, 0, 0, 21.515
44, 151, 0, 0, 21.522
44, 150, 0, 0, 21.530
44, 150, 0, 0, 21.538
44, 150, 0, 0, 21.545
44, 150, 0, 5570, 21.553
44, 150, 0, 5586, 21.561
44, 150, 0, 5554, 21.569
44, 150, 0, 5634, 21.576
44, 150, 0, 5650, 21.584
44, 150, 0, 5762, 21.591
44, 150, 0, 5954, 21.598
44, 150, 0, 6194, 21.606
44, 150, 0, 6322, 21.614
44, 150, 0, 6530, 21.622
44, 150, 0, 6883, 21.630
43, 150, 0, 7411, 21.638
43, 150, 0, 8387, 21.645
43, 150, 0, 9892, 21.654
43, 150, 0, 11173, 21.660
43, 150, 0, 12709, 21.668
42, 151, 0, 14150, 21.676
42, 151, 0, 15142, 21.684
41, 152, 0, 16631, 21.691
40, 152, 0, 17848, 21.699
39, 153, 0, 18568, 21.707
37, 153, 0, 19192, 21.715
36, 154, 0, 19576, 21.722
34, 154, 0, 19849, 21.730
33, 154, 0, 20025, 21.737
31, 154, 0, 20041, 21.744
29, 154, 0, 20025, 21.753
27, 153, 0, 19833, 21.759
25, 152, 0, 19737, 21.768
23, 151, 0, 19689, 21.776
21, 149, 0, 19624, 21.783
19, 147, 0, 19624, 21.791
17, 144, 0, 19640, 21.798
15, 142, 0, 19705, 21.806
13, 139, 0, 19608, 21.813
12, 136, 0, 19592, 21.821
11, 133, 0, 19865, 21.829
10, 130, 0, 19849, 21.837
9, 127, 0, 19961, 21.845
9, 125, 0, 20089, 21.852
9, 123, 0, 20137, 21.860
10, 120, 0, 19977, 21.867
11, 119, 0, 19833, 21.875
12, 117, 0, 19673, 21.883
14, 116, 0, 19673, 21.891
17, 115, 0, 19640, 21.898
20, 114, 0, 19737, 21.906
22, 113, 0, 19817, 21.914
26, 113, 0, 19817, 21.921
29, 113, 0, 19785, 21.929
32, 112, 0, 19817, 21.937
35, 112, 0, 19849, 21.944
39, 111, 0, 19624, 21.952
42, 110, 0, 19384, 21.960
44, 109, 0, 19464, 21.967
47, 107, 0, 19528, 21.975
49, 105, 0, 19368, 21.983
50, 103, 0, 19480, 21.991
51, 100, 0, 19673, 21.998
52, 97, 0, 20441, 22.007
52, 94, 0, 21225, 22.012
52, 91, 0, 22010, 22.021
51, 88, 0, 22330, 22.029
50, 85, 0, 22794, 22.036
49, 82, 0, 23290, 22.044
47, 80, 0, 24187, 22.052
45, 77, 0, 24827, 22.059
43, 74, 0, 24987, 22.067
40, 71, 0, 25243, 22.076
37, 69, 0, 25163, 22.082
34, 67, 0, 25179, 22.090
31, 65, 0, 25243, 22.098
28, 63, 0, 25387, 22.106
25, 61, 0, 25035, 22.114
22, 60, 0, 24891, 22.122
18, 59, 0, 24795, 22.129
15, 58, 0, 24747, 22.137
12, 57, 0, 24363, 22.144
10, 57, 0, 24219, 22.151
7, 57, 0, 24155, 22.159
5, 57, 0, 24187, 22.167
3, 58, 0, 23754, 22.175
2, 59, 0, 23562, 22.182
1, 60, 0, 23450, 22.190
0, 62, 0, 23434, 22.197
0, 63, 0, 23258, 22.205
0, 65, 0, 23210, 22.213
0, 67, 0, 23050, 22.221
0, 68, 0, 23018, 22.228
0, 69, 0, 22714, 22.236
0, 70, 0, 22570, 22.244
1, 71, 0, 22330, 22.251
3, 71, 0, 22282, 22.259
5, 72, 0, 22186, 22.268
7, 72, 0, 22234, 22.274
10, 72, 0, 22522, 22.282
13, 72, 0, 22522, 22.290
16, 72, 0, 22442, 22.297
20, 72, 0, 22538, 22.305
23, 72, 0, 22746, 22.313
26, 72, 0, 22698, 22.320
30, 73, 0, 22746, 22.328
33, 73, 0, 22842, 22.336
36, 74, 0, 23098, 22.343
39, 75, 0, 23050, 22.351
42, 76, 0, 23546, 22.359
45, 78, 0, 24379, 22.367
47, 80, 0, 24971, 22.374
50, 82, 0, 25195, 22.382
52, 85, 0, 25227, 22.389
53, 87, 0, 25211, 22.397
55, 90, 0, 25371, 22.405
56, 93, 0, 25243, 22.412
57, 96, 0, 24827, 22.420
57, 98, 0, 24123, 22.428
57, 100, 0, 23274, 22.435
58, 102, 0, 23146, 22.442
58, 102, 0, 23114, 22.450
58, 103, 0, 23690, 22.457
58, 103, 0, 24907, 22.465
58, 103, 0, 25547, 22.474
58, 103, 0, 25707, 22.480
58, 103, 0, 25659, 22.489
59, 103, 0, 25371, 22.497
60, 103, 0, 25243, 22.504
61, 103, 0, 25419, 22.512
62, 103, 0, 25851, 22.520
63, 103, 0, 26252, 22.526
65, 104, 0, 26588, 22.535
67, 105, 0, 26780, 22.544
69, 106, 0, 26668, 22.552
71, 107, 0, 26828, 22.558
73, 108, 0, 26684, 22.566
75, 109, 0, 26396, 22.574
76, 110, 0, 25851, 22.582
77, 111, 0, 24955, 22.590
78, 111, 0, 24395, 22.597
78, 111, 0, 24187, 22.604
78, 111, 0, 24171, 22.612
77, 111, 0, 24267, 22.621
76, 110, 0, 24667, 22.628
75, 109, 0, 24715, 22.636
73, 107, 0, 24843, 22.643
71, 105, 0, 24763, 22.650
69, 103, 0, 24779, 22.658
67, 100, 0, 25003, 22.666
64, 97, 0, 25419, 22.672
62, 94, 0, 25643, 22.681
59, 90, 0, 25627, 22.689
57, 87, 0, 25691, 22.696
55, 84, 0, 25915, 22.704
53, 81, 0, 26059, 22.712
52, 79, 0, 26011, 22.719
51, 78, 0, 25963, 22.727
50, 76, 0, 25931, 22.735
49, 76, 0, 25643, 22.742
49, 75, 0, 25675, 22.750
50, 75, 0, 24763, 22.758
50, 75, 0, 23546, 22.766
51, 75, 0, 23434, 22.773
53, 75, 0, 23482, 22.781
54, 75, 0, 23562, 22.788
56, 74, 0, 23690, 22.797
58, 74, 0, 23994, 22.804
60, 73, 0, 24235, 22.811
62, 73, 0, 24779, 22.819
64, 73, 0, 25179, 22.828
67, 73, 0, 25627, 22.834
69, 73, 0, 26252, 22.842
72, 74, 0, 26572, 22.850
74, 75, 0, 26604, 22.858
77, 77, 0, 26780, 22.865
80, 80, 0, 26924, 22.872
82, 83, 0, 27228, 22.880
85, 86, 0, 27164, 22.888
87, 90, 0, 26876, 22.897
89, 94, 0, 26764, 22.904
91, 98, 0, 26668, 22.911
92, 102, 0, 26059, 22.920
93, 105, 0, 24699, 22.926
93, 108, 0, 23466, 22.934
93, 110, 0, 22154, 22.942
93, 112, 0, 21337, 22.950
93, 113, 0, 21113, 22.957
92, 113, 0, 21241, 22.965
91, 113, 0, 21833, 22.973
90, 111, 0, 22874, 22.979
89, 109, 0, 23642, 22.988
89, 106, 0, 24715, 22.995
88, 102, 0, 25787, 23.003
88, 98, 0, 26236, 23.011
87, 94, 0, 26572, 23.019
87, 90, 0, 26876, 23.026
88, 86, 0, 26700, 23.034
88, 83, 0, 26700, 23.042
89, 81, 0, 26556, 23.049
91, 79, 0, 26460, 23.056
92, 79, 0, 26155, 23.064
94, 79, 0, 26011, 23.071
96, 80, 0, 25979, 23.079
97, 82, 0, 26139, 23.087
99, 85, 0, 26252, 23.095
101, 89, 0, 26428, 23.103
103, 93, 0, 26396, 23.112
105, 98, 0, 26364, 23.118
106, 102, 0, 26091, 23.126
108, 107, 0, 25227, 23.134
109, 110, 0, 24971, 23.141
110, 113, 0, 24907, 23.148
111, 116, 0, 24603, 23.158
111, 117, 0, 24619, 23.164
111, 117, 0, 24619, 23.172
111, 117, 0, 24235, 23.180
111, 116, 0, 24139, 23.187
110, 114, 0, 24010, 23.195
109, 111, 0, 23946, 23.203
109, 108, 0, 24010, 23.210
108, 104, 0, 24075, 23.218
107, 99, 0, 23930, 23.226
107, 94, 0, 23994, 23.233
106, 88, 0, 24155, 23.241
105, 82, 0, 23930, 23.249
104, 75, 0, 24187, 23.256
103, 69, 0, 24107, 23.263
103, 62, 0, 24123, 23.272
102, 55, 0, 24267, 23.280
101, 49, 0, 24395, 23.287
100, 43, 0, 24619, 23.295
99, 37, 0, 24875, 23.304
98, 32, 0, 25451, 23.310
97, 27, 0, 25163, 23.318
96, 23, 0, 25243, 23.326
94, 19, 0, 25419, 23.333
93, 17, 0, 25371, 23.341
91, 15, 0, 25291, 23.349
90, 14, 0, 25435, 23.357
89, 14, 0, 25403, 23.364
87, 15, 0, 25179, 23.372
87, 16, 0, 24779, 23.379
86, 19, 0, 24427, 23.387
86, 22, 0, 24395, 23.395
86, 26, 0, 24667, 23.402
86, 30, 0, 24827, 23.410
86, 35, 0, 24891, 23.417
87, 40, 0, 25019, 23.424
88, 46, 0, 25131, 23.432
90, 52, 0, 24971, 23.441
92, 58, 0, 25195, 23.448
94, 65, 0, 25195, 23.456
96, 71, 0, 25323, 23.464
99, 77, 0, 25147, 23.471
102, 83, 0, 25051, 23.479
106, 89, 0, 25227, 23.487
109, 94, 0, 25051, 23.494
113, 98, 0, 25243, 23.502
116, 102, 0, 25435, 23.510
120, 105, 0, 25771, 23.517
122, 108, 0, 25515, 23.525
125, 109, 0, 25611, 23.533
128, 111, 0, 25867, 23.540
130, 111, 0, 25819, 23.548
131, 111, 0, 25595, 23.556
133, 110, 0, 25467, 23.563
134, 109, 0, 25371, 23.571
134, 106, 0, 25547, 23.579
135, 103, 0, 25755, 23.586
135, 100, 0, 25995, 23.594
135, 96, 0, 26252, 23.603
134, 92, 0, 26187, 23.609
134, 89, 0, 26348, 23.617
134, 85, 0, 26107, 23.625
133, 83, 0, 26123, 23.631
133, 81, 0, 26300, 23.640
133, 80, 0, 26123, 23.648
133, 80, 0, 26236, 23.655
133, 81, 0, 25547, 23.663
134, 83, 0, 25771, 23.671
134, 86, 0, 25995, 23.678
135, 89, 0, 25963, 23.687
137, 93, 0, 25867, 23.694
138, 98, 0, 26027, 23.703
140, 102, 0, 25883, 23.709
142, 106, 0, 25867, 23.717
143, 110, 0, 25403, 23.725
145, 112, 0, 25003, 23.732
146, 114, 0, 24443, 23.739
146, 114, 0, 24155, 23.748
147, 114, 0, 24043, 23.755
147, 113, 0, 23914, 23.763
147, 111, 0, 24331, 23.771
147, 108, 0, 24683, 23.778
146, 105, 0, 25083, 23.786
146, 102, 0, 25307, 23.794
146, 99, 0, 25563, 23.800
145, 96, 0, 25771, 23.809
145, 94, 0, 25915, 23.817
145, 92, 0, 25819, 23.824
146, 91, 0, 25771, 23.832
146, 90, 0, 25691, 23.840
147, 91, 0, 25611, 23.847
148, 93, 0, 25915, 23.855
149, 96, 0, 26236, 23.864
151, 99, 0, 26668, 23.870
153, 103, 0, 26828, 23.878
155, 107, 0, 26572, 23.887
157, 111, 0, 26492, 23.892
159, 115, 0, 25995, 23.901
161, 118, 0, 25323, 23.909
162, 119, 0, 25083, 23.917
163, 119, 0, 24971, 23.925
163, 119, 0, 24539, 23.933
163, 117, 0, 24459, 23.939
162, 114, 0, 24603, 23.947
162, 110, 0, 25115, 23.955
161, 106, 0, 25627, 23.962
160, 102, 0, 26043, 23.970
159, 97, 0, 26236, 23.978
159, 93, 0, 26348, 23.985
158, 89, 0, 26636, 23.993
158, 86, 0, 26764, 24.001
159, 83, 0, 26860, 24.008
160, 82, 0, 27100, 24.016
161, 82, 0, 27068, 24.025
163, 82, 0, 27132, 24.032
165, 84, 0, 27644, 24.039
167, 86, 0, 27820, 24.046
169, 89, 0, 27692, 24.055
172, 93, 0, 27804, 24.063
174, 97, 0, 27884, 24.070
177, 100, 0, 28188, 24.078
179, 103, 0, 27196, 24.085
181, 106, 0, 26139, 24.092
182, 107, 0, 25339, 24.101
183, 108, 0, 25051, 24.108
184, 108, 0, 25019, 24.117
184, 106, 0, 24875, 24.124
184, 104, 0, 25435, 24.131
185, 101, 0, 26268, 24.140
185, 98, 0, 26876, 24.147
185, 95, 0, 27484, 24.154
185, 92, 0, 28092, 24.162
186, 90, 0, 28156, 24.170
186, 88, 0, 28060, 24.177
187, 86, 0, 28124, 24.184
189, 85, 0, 28092, 24.192
190, 85, 0, 27916, 24.199
191, 86, 0, 27852, 24.208
193, 87, 0, 27836, 24.215
194, 90, 0, 27788, 24.223
196, 93, 0, 27852, 24.231
197, 97, 0, 27836, 24.239
198, 101, 0, 27724, 24.246
199, 105, 0, 26860, 24.254
200, 110, 0, 25483, 24.261
200, 113, 0, 23850, 24.269
199, 117, 0, 22266, 24.276
198, 119, 0, 21737, 24.285
197, 120, 0, 21850, 24.291
195, 121, 0, 22762, 24.299
193, 121, 0, 23818, 24.307
190, 120, 0, 24827, 24.314
188, 118, 0, 25675, 24.323
185, 115, 0, 26107, 24.330
183, 112, 0, 26412, 24.337
180, 108, 0, 26684, 24.347
178, 104, 0, 27052, 24.354
177, 99, 0, 26860, 24.360
175, 95, 0, 26988, 24.369
174, 91, 0, 27196, 24.377
174, 88, 0, 27020, 24.384
174, 85, 0, 27052, 24.391
174, 83, 0, 27084, 24.400
176, 81, 0, 27612, 24.407
177, 81, 0, 28012, 24.414
179, 81, 0, 28236, 24.422
182, 82, 0, 28509, 24.430
184, 84, 0, 28941, 24.439
187, 88, 0, 29325, 24.446
191, 92, 0, 29437, 24.454
194, 96, 0, 29405, 24.461
198, 101, 0, 29405, 24.470
201, 105, 0, 29261, 24.478
204, 109, 0, 29149, 24.485
207, 113, 0, 28909, 24.492
209, 116, 0, 28236, 24.500
211, 117, 0, 27884, 24.507
212, 118, 0, 27564, 24.515
213, 118, 0, 27228, 24.524
213, 116, 0, 26732, 24.530
213, 114, 0, 26828, 24.539
212, 110, 0, 26988, 24.546
211, 106, 0, 27036, 24.553
210, 102, 0, 27452, 24.562
209, 98, 0, 27644, 24.570
208, 93, 0, 28076, 24.576
207, 89, 0, 28076, 24.585
207, 86, 0, 28092, 24.593
207, 84, 0, 28493, 24.600
207, 82, 0, 28957, 24.607
208, 82, 0, 29245, 24.615
209, 84, 0, 29373, 24.622
211, 86, 0, 29789, 24.631
213, 89, 0, 29901, 24.638
216, 94, 0, 29709, 24.645
219, 99, 0, 29613, 24.654
223, 104, 0, 29773, 24.661
226, 109, 0, 29021, 24.668
229, 113, 0, 28188, 24.676
232, 116, 0, 26844, 24.683
235, 118, 0, 26203, 24.692
237, 118, 0, 25819, 24.699
238, 118, 0, 25643, 24.708
238, 116, 0, 25339, 24.715
239, 113, 0, 25915, 24.723
239, 110, 0, 27148, 24.731
239, 106, 0, 28717, 24.738
239, 102, 0, 29885, 24.745
240, 98, 0, 30942, 24.754
241, 95, 0, 31710, 24.761
242, 93, 0, 32430, 24.768
244, 91, 0, 31982, 24.776
247, 91, 0, 32014, 24.784
249, 91, 0, 31790, 24.791
252, 92, 0, 31054, 24.799
253, 93, 0, 28877, 24.806
255, 96, 0, 24010, 24.814
255, 99, 0, 13029, 24.822
255, 99, 0, 0, 24.830
255, 105, 357, 0, 24.838
255, 105, 698, 0, 24.846
255, 105, 934, 0, 24.852
255, 105, 1023, 0, 24.861
255, 105, 1023, 0, 24.873
255, 105, 1023, 0, 24.880
255, 105, 1023, 0, 24.898
255, 105, 1023, 0, 24.904
255, 105, 1023, 0, 24.911
255, 105, 1023, 0, 24.918
255, 105, 1023, 0, 24.924
255, 105, 1023, 0, 24.930
255, 105, 1023, 0, 24.939
255, 105, 1023, 0, 24.944
255, 105, 1023, 0, 24.951
255, 105, 1023, 0, 24.958
255, 105, 1023, 0, 24.964
