47, 108, 1023, 0, 59.063
47, 108, 942, 0, 59.065
46, 108, 942, 0, 59.066
46, 108, 942, 0, 59.068
45, 109, 942, 0, 59.069
45, 109, 954, 0, 59.070
45, 110, 966, 0, 59.072
44, 110, 982, 0, 59.073
44, 111, 994, 0, 59.081
43, 112, 1006, 0, 59.088
43, 113, 1006, 0, 59.095
43, 113, 1006, 0, 59.103
42, 114, 1006, 0, 59.111
42, 115, 1006, 0, 59.118
42, 116, 1006, 0, 59.126
41, 116, 1006, 0, 59.134
41, 117, 994, 0, 59.142
41, 118, 994, 0, 59.149
40, 119, 994, 0, 59.158
40, 120, 994, 0, 59.164
40, 122, 982, 0, 59.172
40, 123, 982, 0, 59.180
40, 124, 966, 0, 59.188
40, 125, 954, 0, 59.195
40, 126, 930, 0, 59.204
41, 127, 902, 0, 59.211
41, 128, 890, 0, 59.218
41, 128, 862, 0, 59.227
42, 129, 838, 0, 59.234
42, 129, 822, 0, 59.241
42, 130, 810, 0, 59.249
43, 130, 798, 0, 59.258
43, 130, 786, 0, 59.264
44, 130, 758, 0, 59.272
45, 130, 746, 0, 59.280
45, 130, 718, 0, 59.287
46, 130, 682, 0, 59.295
47, 130, 653, 0, 59.304
47, 130, 613, 0, 59.310
48, 129, 561, 0, 59.318
48, 129, 509, 0, 59.326
49, 129, 445, 0, 59.333
49, 129, 377, 0, 59.341
50, 129, 284, 0, 59.350
50, 129, 180, 0, 59.356
51, 129, 64, 0, 59.364
51, 129, 0, 0, 59.372
52, 130, 0, 0, 59.379
52, 130, 0, 0, 59.387
52, 130, 0, 0, 59.395
52, 131, 0, 14358, 59.403
52, 131, 0, 14662, 59.410
51, 131, 0, 15383, 59.418
51, 132, 0, 15831, 59.425
50, 133, 0, 16103, 59.434
49, 133, 0, 16631, 59.441
49, 134, 0, 16887, 59.449
48, 135, 0, 16951, 59.457
46, 136, 0, 17031, 59.464
45, 136, 0, 16999, 59.472
44, 137, 0, 16999, 59.479
43, 137, 0, 16727, 59.487
41, 137, 0, 16471, 59.496
40, 137, 0, 16135, 59.502
38, 136, 0, 15783, 59.510
36, 135, 0, 15655, 59.518
35, 134, 0, 15799, 59.525
33, 132, 0, 15975, 59.533
32, 131, 0, 16327, 59.541
30, 129, 0, 16455, 59.548
29, 127, 0, 16279, 59.556
28, 126, 0, 16231, 59.565
28, 124, 0, 16503, 59.572
27, 123, 0, 16423, 59.579
27, 122, 0, 16471, 59.587
27, 121, 0, 16391, 59.595
27, 120, 0, 16343, 59.602
27, 120, 0, 16263, 59.610
28, 119, 0, 16231, 59.617
29, 118, 0, 16311, 59.625
30, 117, 0, 16391, 59.633
31, 117, 0, 16423, 59.640
33, 116, 0, 16439, 59.648
35, 116, 0, 16359, 59.657
37, 116, 0, 16231, 59.664
39, 115, 0, 16151, 59.673
41, 115, 0, 16151, 59.679
44, 114, 0, 16215, 59.686
46, 114, 0, 16375, 59.694
48, 112, 0, 16231, 59.702
50, 111, 0, 16151, 59.709
52, 109, 0, 16071, 59.717
54, 108, 0, 16055, 59.725
56, 106, 0, 16167, 59.733
58, 103, 0, 16279, 59.740
59, 101, 0, 16423, 59.749
61, 99, 0, 16439, 59.755
62, 97, 0, 16519, 59.763
63, 95, 0, 16759, 59.771
64, 92, 0, 17207, 59.778
64, 90, 0, 17848, 59.786
64, 87, 0, 18568, 59.794
64, 85, 0, 19384, 59.801
64, 82, 0, 20009, 59.809
63, 79, 0, 20697, 59.817
62, 77, 0, 20873, 59.824
61, 75, 0, 21017, 59.832
60, 73, 0, 21129, 59.841
58, 71, 0, 21321, 59.848
55, 70, 0, 21241, 59.855
53, 70, 0, 21177, 59.863
50, 70, 0, 20585, 59.871
47, 70, 0, 20329, 59.878
45, 71, 0, 19833, 59.886
42, 71, 0, 19368, 59.894
40, 72, 0, 19352, 59.901
38, 73, 0, 19480, 59.909
37, 74, 0, 20041, 59.917
36, 75, 0, 20377, 59.925
35, 76, 0, 20537, 59.932
34, 76, 0, 20521, 59.941
34, 77, 0, 20329, 59.947
34, 77, 0, 20105, 59.955
34, 78, 0, 19336, 59.963
35, 79, 0, 17415, 59.971
35, 79, 0, 15399, 59.978
36, 80, 0, 13846, 59.986
37, 81, 0, 12693, 59.993
38, 82, 0, 11717, 00.001
40, 83, 0, 10340, 00.009
41, 83, 0, 9300, 00.016
43, 84, 0, 8355, 00.024
45, 84, 0, 6162, 00.032
46, 85, 0, 1360, 00.039
46, 85, 0, 0, 00.048
49, 86, 76, 0, 00.055
51, 86, 168, 0, 00.062
52, 87, 256, 0, 00.072
53, 88, 357, 0, 00.079
55, 89, 457, 0, 00.085
56, 90, 549, 0, 00.093
57, 91, 605, 0, 00.101
59, 92, 649, 0, 00.108
60, 93, 682, 0, 00.116
62, 94, 694, 0, 00.125
63, 94, 694, 0, 00.132
64, 95, 673, 0, 00.139
65, 95, 649, 0, 00.147
66, 95, 605, 0, 00.154
67, 94, 549, 0, 00.163
67, 94, 469, 0, 00.170
67, 93, 381, 0, 00.178
68, 92, 280, 0, 00.185
68, 92, 176, 0, 00.193
68, 92, 88, 0, 00.200
67, 91, 0, 0, 00.208
67, 91, 0, 0, 00.216
67, 91, 0, 15447, 00.225
67, 91, 0, 15511, 00.231
66, 92, 0, 15591, 00.239
65, 92, 0, 16039, 00.247
65, 93, 0, 16407, 00.254
65, 94, 0, 16471, 00.263
65, 95, 0, 16551, 00.270
65, 96, 0, 16535, 00.277
65, 98, 0, 16359, 00.285
66, 99, 0, 16343, 00.293
67, 101, 0, 16087, 00.300
67, 103, 0, 15831, 00.309
68, 104, 0, 15335, 00.317
69, 106, 0, 15222, 00.324
70, 106, 0, 15030, 00.332
71, 106, 0, 14982, 00.340
72, 106, 0, 14758, 00.347
73, 106, 0, 14694, 00.355
73, 105, 0, 15094, 00.363
74, 104, 0, 15623, 00.370
75, 103, 0, 15879, 00.378
76, 102, 0, 15879, 00.386
77, 101, 0, 15831, 00.393
78, 101, 0, 15687, 00.401
79, 101, 0, 15767, 00.410
80, 102, 0, 15879, 00.415
81, 103, 0, 16039, 00.425
82, 104, 0, 16183, 00.433
83, 105, 0, 16343, 00.439
83, 106, 0, 16327, 00.446
84, 108, 0, 16103, 00.455
84, 108, 0, 15751, 00.462
84, 109, 0, 15543, 00.469
84, 109, 0, 15847, 00.477
83, 108, 0, 15863, 00.484
82, 107, 0, 16103, 00.493
81, 106, 0, 16215, 00.500
80, 104, 0, 16583, 00.508
79, 102, 0, 16759, 00.515
77, 100, 0, 16567, 00.524
76, 97, 0, 16743, 00.530
74, 95, 0, 16743, 00.538
73, 93, 0, 17015, 00.546
71, 90, 0, 16935, 00.554
70, 88, 0, 16999, 00.562
69, 86, 0, 16903, 00.570
68, 85, 0, 17079, 00.578
67, 84, 0, 17191, 00.584
67, 83, 0, 17239, 00.594
67, 83, 0, 17207, 00.600
67, 83, 0, 17191, 00.608
67, 83, 0, 16375, 00.615
67, 83, 0, 15383, 00.624
67, 83, 0, 14966, 00.630
68, 83, 0, 14742, 00.638
69, 84, 0, 14710, 00.646
69, 84, 0, 14742, 00.654
70, 85, 0, 14774, 00.661
71, 85, 0, 14726, 00.669
72, 86, 0, 14742, 00.676
73, 86, 0, 14742, 00.684
74, 87, 0, 14854, 00.692
75, 87, 0, 14998, 00.699
77, 87, 0, 15367, 00.708
78, 87, 0, 15991, 00.716
79, 87, 0, 16743, 00.723
80, 86, 0, 17191, 00.731
82, 86, 0, 17303, 00.739
83, 85, 0, 17736, 00.746
84, 85, 0, 17896, 00.754
85, 85, 0, 17944, 00.762
86, 85, 0, 17928, 00.769
87, 85, 0, 17848, 00.777
88, 86, 0, 17992, 00.785
89, 87, 0, 18216, 00.792
90, 88, 0, 18424, 00.800
91, 90, 0, 18600, 00.808
92, 92, 0, 18696, 00.815
93, 94, 0, 18600, 00.823
94, 97, 0, 18824, 00.831
95, 99, 0, 18552, 00.838
96, 101, 0, 18328, 00.846
97, 104, 0, 17928, 00.854
97, 105, 0, 17367, 00.861
98, 107, 0, 16935, 00.869
98, 108, 0, 16663, 00.877
98, 108, 0, 16775, 00.884
98, 108, 0, 16935, 00.892
98, 107, 0, 17031, 00.900
98, 106, 0, 17095, 00.911
97, 104, 0, 17528, 00.915
97, 102, 0, 18360, 00.923
97, 100, 0, 19000, 00.929
97, 97, 0, 19608, 00.937
97, 94, 0, 20505, 00.945
97, 91, 0, 21225, 00.952
98, 88, 0, 21321, 00.960
98, 86, 0, 21257, 00.969
99, 84, 0, 21065, 00.977
100, 82, 0, 20649, 00.984
101, 81, 0, 20409, 00.992
102, 81, 0, 19913, 01.000
103, 82, 0, 19673, 01.006
104, 83, 0, 19705, 01.014
105, 85, 0, 19689, 01.022
107, 88, 0, 19608, 01.029
108, 91, 0, 19673, 01.037
109, 94, 0, 19144, 01.045
110, 98, 0, 18552, 01.052
111, 101, 0, 17944, 01.060
112, 104, 0, 17351, 01.069
112, 107, 0, 17015, 01.075
113, 110, 0, 17031, 01.083
113, 111, 0, 17143, 01.092
114, 112, 0, 17143, 01.098
114, 112, 0, 17399, 01.107
114, 112, 0, 16871, 01.115
114, 110, 0, 17415, 01.121
113, 109, 0, 17319, 01.129
113, 106, 0, 17383, 01.138
112, 103, 0, 17367, 01.144
112, 100, 0, 17351, 01.152
111, 97, 0, 17431, 01.160
110, 93, 0, 17351, 01.167
110, 89, 0, 17544, 01.175
109, 84, 0, 17447, 01.183
109, 80, 0, 17512, 01.191
108, 75, 0, 17528, 01.199
107, 70, 0, 17544, 01.208
107, 66, 0, 17544, 01.213
106, 62, 0, 17736, 01.221
106, 58, 0, 17688, 01.229
106, 54, 0, 17656, 01.236
105, 51, 0, 17864, 01.245
105, 49, 0, 18280, 01.252
105, 47, 0, 19032, 01.261
104, 45, 0, 19304, 01.268
104, 44, 0, 19512, 01.275
103, 43, 0, 19496, 01.283
102, 42, 0, 19656, 01.291
101, 42, 0, 19480, 01.299
100, 42, 0, 19080, 01.309
99, 42, 0, 18936, 01.313
98, 42, 0, 18280, 01.321
98, 43, 0, 17335, 01.329
97, 44, 0, 16999, 01.336
97, 45, 0, 16983, 01.345
97, 47, 0, 16983, 01.352
97, 49, 0, 17015, 01.359
97, 51, 0, 17031, 01.367
98, 54, 0, 16951, 01.375
98, 57, 0, 17047, 01.382
99, 60, 0, 16919, 01.391
100, 64, 0, 16855, 01.398
101, 68, 0, 16599, 01.405
103, 72, 0, 16823, 01.413
104, 77, 0, 16807, 01.421
106, 81, 0, 16743, 01.428
108, 86, 0, 16679, 01.436
110, 90, 0, 16503, 01.444
112, 94, 0, 16503, 01.451
114, 98, 0, 16503, 01.459
116, 101, 0, 16343, 01.467
118, 104, 0, 16375, 01.475
119, 106, 0, 16247, 01.483
121, 107, 0, 16135, 01.491
122, 108, 0, 16135, 01.497
123, 108, 0, 15911, 01.506
123, 107, 0, 15351, 01.514
123, 106, 0, 15431, 01.521
123, 104, 0, 15799, 01.528
123, 101, 0, 16471, 01.536
123, 98, 0, 17063, 01.544
122, 95, 0, 17335, 01.551
122, 92, 0, 17752, 01.559
121, 89, 0, 17816, 01.566
120, 86, 0, 18056, 01.575
120, 84, 0, 18040, 01.582
120, 82, 0, 18232, 01.591
119, 81, 0, 18200, 01.597
119, 81, 0, 18200, 01.606
119, 81, 0, 17848, 01.614
120, 82, 0, 17880, 01.620
120, 84, 0, 18104, 01.629
121, 86, 0, 18072, 01.636
122, 88, 0, 17944, 01.643
123, 91, 0, 17768, 01.652
124, 95, 0, 17608, 01.658
125, 98, 0, 17784, 01.666
126, 101, 0, 17736, 01.675
128, 103, 0, 17736, 01.682
129, 105, 0, 17640, 01.689
130, 106, 0, 17688, 01.698
131, 107, 0, 17688, 01.706
131, 107, 0, 17528, 01.713
132, 106, 0, 16935, 01.721
132, 105, 0, 16839, 01.729
132, 103, 0, 17431, 01.735
132, 101, 0, 17832, 01.743
131, 98, 0, 18184, 01.752
131, 96, 0, 18456, 01.758
131, 93, 0, 18696, 01.767
130, 91, 0, 18680, 01.774
130, 90, 0, 18856, 01.781
130, 89, 0, 18840, 01.789
130, 89, 0, 18680, 01.797
130, 89, 0, 17848, 01.806
131, 90, 0, 18344, 01.813
131, 91, 0, 18600, 01.826
132, 93, 0, 18696, 01.832
133, 95, 0, 18696, 01.840
134, 97, 0, 18856, 01.846
135, 100, 0, 18904, 01.853
136, 102, 0, 18664, 01.861
138, 105, 0, 18728, 01.871
139, 107, 0, 18680, 01.878
140, 109, 0, 18744, 01.886
141, 110, 0, 18744, 01.890
141, 110, 0, 18616, 01.896
142, 110, 0, 18312, 01.904
142, 109, 0, 17656, 01.913
142, 108, 0, 17768, 01.919
142, 106, 0, 17864, 01.927
142, 104, 0, 17896, 01.935
141, 101, 0, 18088, 01.942
141, 99, 0, 18184, 01.950
140, 97, 0, 18296, 01.959
140, 95, 0, 18376, 01.967
140, 93, 0, 18344, 01.975
139, 92, 0, 18344, 01.983
139, 92, 0, 18280, 01.988
139, 92, 0, 18168, 01.996
140, 92, 0, 17063, 02.004
140, 93, 0, 17608, 02.011
140, 94, 0, 17784, 02.019
141, 96, 0, 17896, 02.027
142, 97, 0, 17848, 02.034
143, 99, 0, 17736, 02.044
143, 101, 0, 17704, 02.050
144, 102, 0, 17608, 02.059
145, 103, 0, 17656, 02.067
146, 103, 0, 17672, 02.075
146, 103, 0, 17592, 02.083
147, 103, 0, 17255, 02.088
147, 101, 0, 17175, 02.096
147, 100, 0, 17447, 02.105
148, 97, 0, 18280, 02.112
148, 94, 0, 18760, 02.119
148, 91, 0, 19144, 02.127
148, 88, 0, 19032, 02.134
149, 85, 0, 19112, 02.142
149, 82, 0, 19288, 02.151
150, 80, 0, 19224, 02.158
150, 79, 0, 19096, 02.165
151, 78, 0, 18856, 02.173
152, 78, 0, 18664, 02.181
153, 78, 0, 18696, 02.189
155, 79, 0, 18664, 02.196
156, 80, 0, 18872, 02.203
158, 81, 0, 19032, 02.211
159, 83, 0, 19320, 02.219
161, 85, 0, 19448, 02.227
162, 88, 0, 19608, 02.234
164, 90, 0, 19785, 02.242
165, 92, 0, 19849, 02.249
166, 95, 0, 19833, 02.258
166, 97, 0, 19881, 02.265
167, 100, 0, 19769, 02.273
167, 102, 0, 19576, 02.282
166, 105, 0, 19320, 02.289
165, 107, 0, 18872, 02.295
164, 109, 0, 18568, 02.303
163, 111, 0, 18488, 02.311
162, 112, 0, 18456, 02.318
160, 113, 0, 18184, 02.327
159, 113, 0, 17864, 02.334
157, 112, 0, 17976, 02.341
155, 111, 0, 18648, 02.349
154, 110, 0, 19144, 02.358
152, 107, 0, 19480, 02.364
151, 105, 0, 19737, 02.373
150, 102, 0, 19865, 02.381
149, 99, 0, 19721, 02.388
148, 96, 0, 19769, 02.395
148, 92, 0, 19945, 02.403
148, 89, 0, 19945, 02.411
148, 87, 0, 20169, 02.418
149, 84, 0, 20121, 02.426
150, 83, 0, 20169, 02.434
151, 82, 0, 20169, 02.441
152, 81, 0, 20153, 02.449
154, 81, 0, 20201, 02.457
155, 82, 0, 20185, 02.464
157, 83, 0, 20185, 02.472
159, 85, 0, 20329, 02.480
161, 88, 0, 20297, 02.487
163, 91, 0, 20457, 02.495
165, 94, 0, 20505, 02.503
167, 97, 0, 20505, 02.510
169, 101, 0, 20521, 02.518
171, 104, 0, 20345, 02.526
172, 106, 0, 20377, 02.533
174, 109, 0, 20329, 02.542
175, 110, 0, 20457, 02.549
175, 111, 0, 20521, 02.556
176, 111, 0, 20393, 02.564
176, 110, 0, 20025, 02.572
176, 108, 0, 20281, 02.579
175, 105, 0, 20681, 02.587
174, 102, 0, 20841, 02.596
173, 98, 0, 20889, 02.602
172, 94, 0, 20873, 02.610
171, 91, 0, 21017, 02.619
170, 87, 0, 20681, 02.625
169, 84, 0, 20729, 02.633
169, 82, 0, 20841, 02.642
168, 81, 0, 20793, 02.648
168, 80, 0, 20873, 02.657
169, 80, 0, 20569, 02.664
169, 81, 0, 20697, 02.673
171, 82, 0, 21081, 02.679
172, 84, 0, 21273, 02.687
174, 87, 0, 21401, 02.694
176, 90, 0, 21385, 02.702
178, 94, 0, 21433, 02.710
180, 97, 0, 21417, 02.717
183, 101, 0, 21337, 02.725
185, 104, 0, 21241, 02.733
187, 106, 0, 20761, 02.741
189, 108, 0, 19961, 02.748
191, 110, 0, 19304, 02.756
192, 110, 0, 19000, 02.763
193, 110, 0, 18664, 02.771
194, 109, 0, 18360, 02.779
194, 107, 0, 18392, 02.786
194, 104, 0, 19224, 02.794
195, 101, 0, 20153, 02.802
195, 98, 0, 21257, 02.810
195, 94, 0, 22378, 02.818
195, 91, 0, 23242, 02.826
196, 87, 0, 23610, 02.833
197, 84, 0, 24235, 02.841
198, 82, 0, 24827, 02.848
199, 80, 0, 25195, 02.856
201, 79, 0, 25243, 02.864
202, 78, 0, 24795, 02.872
205, 79, 0, 23386, 02.879
207, 81, 0, 21673, 02.886
210, 83, 0, 19721, 02.894
213, 87, 0, 16983, 02.902
215, 91, 0, 11285, 02.909
215, 91, 0, 0, 02.918
220, 102, 0, 0, 02.926
222, 107, 148, 0, 02.932
224, 112, 349, 0, 02.941
224, 116, 533, 0, 02.948
224, 120, 722, 0, 02.956
224, 123, 882, 0, 02.964
224, 123, 982, 0, 02.972
224, 123, 1023, 0, 02.979
224, 123, 1023, 0, 02.987
224, 123, 1023, 0, 02.994
224, 123, 1023, 0, 03.002
224, 123, 1023, 0, 03.010
224, 123, 1023, 0, 03.019
224, 123, 1023, 0, 03.025
224, 123, 1023, 0, 03.032
224, 123, 1023, 0, 03.040
224, 123, 1023, 0, 03.053
224, 123, 1023, 0, 03.061
224, 123, 1023, 0, 03.086
224, 123, 1023, 0, 03.092
224, 123, 1023, 0, 03.099
224, 123, 1023, 0, 03.106
224, 123, 1023, 0, 03.113
224, 123, 1023, 0, 03.119
224, 123, 1023, 0, 03.126
224, 123, 1023, 0, 03.132
224, 123, 1023, 0, 03.139
224, 123, 1023, 0, 03.146
224, 123, 1023, 0, 03.153
