23, 138, 1023, 0, 43.096
23, 138, 974, 0, 43.097
23, 138, 962, 0, 43.099
23, 138, 950, 0, 43.107
23, 139, 950, 0, 43.115
23, 139, 938, 0, 43.123
24, 139, 926, 0, 43.131
24, 139, 902, 0, 43.139
24, 139, 866, 0, 43.145
24, 139, 842, 0, 43.154
24, 138, 806, 0, 43.162
25, 138, 770, 0, 43.169
25, 138, 746, 0, 43.177
25, 137, 710, 0, 43.185
25, 137, 677, 0, 43.192
25, 137, 641, 0, 43.200
26, 137, 617, 0, 43.207
26, 136, 581, 0, 43.215
26, 136, 545, 0, 43.222
26, 136, 521, 0, 43.231
26, 136, 497, 0, 43.238
26, 135, 461, 0, 43.246
27, 135, 437, 0, 43.254
27, 135, 401, 0, 43.260
27, 134, 377, 0, 43.269
27, 134, 341, 0, 43.276
28, 134, 320, 0, 43.285
28, 134, 296, 0, 43.291
29, 134, 272, 0, 43.300
29, 134, 248, 0, 43.306
29, 134, 236, 0, 43.315
30, 134, 212, 0, 43.322
30, 134, 200, 0, 43.329
31, 134, 188, 0, 43.338
31, 134, 164, 0, 43.345
32, 134, 140, 0, 43.352
32, 134, 116, 0, 43.361
33, 134, 80, 0, 43.368
33, 134, 44, 0, 43.375
33, 134, 0, 0, 43.385
34, 134, 0, 0, 43.392
34, 134, 0, 0, 43.400
35, 134, 0, 0, 43.407
35, 135, 0, 0, 43.414
35, 135, 0, 0, 43.423
35, 135, 0, 7699, 43.430
35, 135, 0, 7539, 43.438
35, 135, 0, 7475, 43.446
35, 135, 0, 7763, 43.453
36, 136, 0, 7971, 43.460
36, 136, 0, 8339, 43.468
36, 136, 0, 8387, 43.476
37, 136, 0, 8403, 43.484
37, 136, 0, 8740, 43.492
37, 136, 0, 8707, 43.499
37, 136, 0, 8868, 43.506
38, 136, 0, 8900, 43.515
38, 136, 0, 8820, 43.522
38, 136, 0, 9076, 43.529
38, 136, 0, 9204, 43.538
38, 136, 0, 9796, 43.545
38, 136, 0, 11797, 43.553
38, 136, 0, 14342, 43.562
38, 136, 0, 15110, 43.568
37, 137, 0, 16087, 43.576
37, 137, 0, 16615, 43.584
36, 137, 0, 17431, 43.591
35, 138, 0, 18104, 43.599
34, 138, 0, 19176, 43.606
33, 138, 0, 19833, 43.615
32, 138, 0, 20057, 43.622
31, 139, 0, 20713, 43.630
30, 139, 0, 20665, 43.637
29, 139, 0, 20537, 43.645
28, 139, 0, 20649, 43.652
27, 139, 0, 20569, 43.659
26, 139, 0, 20633, 43.667
25, 139, 0, 20265, 43.676
24, 139, 0, 19929, 43.684
23, 138, 0, 20185, 43.690
22, 138, 0, 19993, 43.698
21, 137, 0, 20057, 43.705
21, 136, 0, 20073, 43.714
20, 135, 0, 19977, 43.723
19, 134, 0, 20185, 43.730
19, 133, 0, 19929, 43.737
18, 132, 0, 19753, 43.745
18, 130, 0, 19881, 43.753
18, 129, 0, 19769, 43.760
18, 128, 0, 19769, 43.768
18, 126, 0, 19753, 43.776
18, 124, 0, 19576, 43.783
18, 123, 0, 19640, 43.791
18, 121, 0, 19080, 43.799
19, 119, 0, 18664, 43.805
19, 118, 0, 18600, 43.814
20, 116, 0, 18488, 43.821
21, 115, 0, 18600, 43.828
22, 113, 0, 18440, 43.837
24, 112, 0, 18280, 43.845
25, 110, 0, 18504, 43.851
27, 109, 0, 18600, 43.859
29, 107, 0, 18920, 43.868
31, 106, 0, 19112, 43.875
33, 105, 0, 19048, 43.883
35, 104, 0, 19480, 43.891
38, 103, 0, 19336, 43.898
40, 102, 0, 19384, 43.905
43, 101, 0, 19480, 43.913
45, 100, 0, 19560, 43.921
47, 99, 0, 19705, 43.929
49, 98, 0, 19656, 43.937
51, 97, 0, 19544, 43.944
53, 95, 0, 19881, 43.952
54, 94, 0, 19785, 43.960
55, 92, 0, 19865, 43.966
56, 90, 0, 20105, 43.975
56, 88, 0, 20489, 43.983
56, 86, 0, 21337, 43.989
56, 84, 0, 21705, 43.997
55, 81, 0, 22282, 44.005
53, 79, 0, 23034, 44.012
52, 76, 0, 23242, 44.021
50, 74, 0, 23322, 44.029
48, 72, 0, 23194, 44.036
45, 71, 0, 22874, 44.044
43, 70, 0, 22570, 44.052
40, 69, 0, 21433, 44.059
37, 69, 0, 19961, 44.066
34, 70, 0, 19064, 44.074
32, 71, 0, 18424, 44.083
30, 72, 0, 18696, 44.090
28, 73, 0, 18264, 44.097
26, 75, 0, 18248, 44.105
25, 76, 0, 19080, 44.112
24, 77, 0, 20185, 44.120
24, 77, 0, 20953, 44.128
24, 77, 0, 21273, 44.136
24, 77, 0, 21225, 44.144
24, 77, 0, 21081, 44.152
25, 77, 0, 20745, 44.159
26, 76, 0, 20793, 44.167
27, 75, 0, 21049, 44.175
29, 74, 0, 20857, 44.181
31, 72, 0, 21369, 44.189
33, 71, 0, 21257, 44.198
35, 70, 0, 21289, 44.205
37, 70, 0, 21161, 44.213
39, 69, 0, 21193, 44.221
42, 69, 0, 21113, 44.228
45, 70, 0, 20873, 44.236
47, 72, 0, 20617, 44.244
50, 73, 0, 20729, 44.251
52, 76, 0, 20489, 44.259
54, 79, 0, 20265, 44.267
56, 82, 0, 20089, 44.274
58, 85, 0, 19464, 44.282
60, 89, 0, 18728, 44.290
61, 92, 0, 17512, 44.297
62, 95, 0, 15783, 44.304
63, 97, 0, 14598, 44.312
64, 99, 0, 14006, 44.319
64, 100, 0, 14214, 44.328
65, 101, 0, 15335, 44.336
65, 101, 0, 16359, 44.343
65, 100, 0, 17512, 44.351
65, 99, 0, 19144, 44.359
66, 98, 0, 20777, 44.365
66, 97, 0, 21833, 44.373
66, 96, 0, 22282, 44.381
67, 94, 0, 22938, 44.388
68, 93, 0, 23066, 44.396
69, 93, 0, 23226, 44.405
70, 92, 0, 23546, 44.411
71, 92, 0, 23642, 44.420
73, 91, 0, 23834, 44.427
74, 91, 0, 23722, 44.435
76, 92, 0, 23418, 44.443
77, 92, 0, 23354, 44.451
79, 93, 0, 22730, 44.458
80, 94, 0, 22346, 44.466
81, 95, 0, 22282, 44.473
82, 97, 0, 22026, 44.482
82, 98, 0, 22010, 44.489
82, 99, 0, 21817, 44.497
82, 100, 0, 21785, 44.504
82, 100, 0, 22058, 44.512
81, 100, 0, 21946, 44.520
81, 100, 0, 21753, 44.527
80, 100, 0, 21769, 44.534
78, 98, 0, 21641, 44.542
77, 97, 0, 21962, 44.550
75, 95, 0, 21801, 44.557
73, 92, 0, 21866, 44.566
72, 90, 0, 21882, 44.574
70, 87, 0, 21817, 44.581
68, 84, 0, 21866, 44.588
66, 82, 0, 21625, 44.597
65, 79, 0, 21321, 44.603
64, 77, 0, 21401, 44.612
63, 76, 0, 21305, 44.620
63, 75, 0, 21305, 44.626
63, 74, 0, 21657, 44.635
63, 74, 0, 21737, 44.643
64, 74, 0, 21721, 44.650
65, 74, 0, 21577, 44.658
66, 74, 0, 21673, 44.666
68, 74, 0, 21785, 44.672
69, 74, 0, 21930, 44.681
71, 74, 0, 22042, 44.688
73, 74, 0, 22026, 44.696
75, 73, 0, 21962, 44.704
77, 72, 0, 22218, 44.711
79, 71, 0, 22202, 44.719
81, 70, 0, 22362, 44.727
83, 69, 0, 22442, 44.735
84, 69, 0, 22154, 44.741
86, 69, 0, 22442, 44.750
88, 69, 0, 22314, 44.758
90, 70, 0, 22266, 44.765
92, 72, 0, 22410, 44.772
94, 75, 0, 22362, 44.781
96, 78, 0, 22266, 44.788
97, 82, 0, 21577, 44.796
99, 86, 0, 20329, 44.804
100, 89, 0, 19016, 44.812
101, 93, 0, 17111, 44.819
102, 96, 0, 15174, 44.827
102, 98, 0, 13318, 44.835
102, 100, 0, 11589, 44.842
102, 100, 0, 11717, 44.850
101, 100, 0, 11429, 44.858
100, 98, 0, 12917, 44.864
99, 96, 0, 16087, 44.872
98, 93, 0, 19256, 44.881
97, 90, 0, 21513, 44.888
96, 87, 0, 22682, 44.896
96, 84, 0, 23258, 44.904
96, 81, 0, 24491, 44.912
97, 78, 0, 25147, 44.919
97, 76, 0, 25467, 44.926
99, 74, 0, 25739, 44.933
100, 74, 0, 25707, 44.941
102, 73, 0, 26139, 44.950
104, 74, 0, 25963, 44.956
106, 75, 0, 25899, 44.964
108, 77, 0, 25387, 44.972
111, 79, 0, 24779, 44.979
113, 81, 0, 24107, 44.988
115, 85, 0, 23322, 44.995
116, 88, 0, 22138, 45.004
117, 91, 0, 21465, 45.011
118, 94, 0, 20409, 45.019
119, 98, 0, 19656, 45.026
119, 100, 0, 18696, 45.034
119, 103, 0, 17560, 45.042
119, 104, 0, 17175, 45.048
119, 105, 0, 16791, 45.056
119, 105, 0, 16791, 45.065
118, 103, 0, 17544, 45.072
118, 101, 0, 18392, 45.080
117, 98, 0, 19496, 45.088
117, 94, 0, 20377, 45.095
116, 89, 0, 20937, 45.103
115, 83, 0, 21673, 45.111
115, 76, 0, 22442, 45.118
114, 69, 0, 22938, 45.126
114, 62, 0, 23018, 45.134
113, 54, 0, 22874, 45.141
113, 47, 0, 22810, 45.149
113, 40, 0, 22314, 45.156
113, 33, 0, 22218, 45.164
113, 27, 0, 22234, 45.171
112, 22, 0, 22554, 45.180
112, 18, 0, 22970, 45.187
111, 14, 0, 23258, 45.195
110, 12, 0, 23194, 45.202
109, 10, 0, 23402, 45.211
108, 8, 0, 23274, 45.217
107, 8, 0, 22746, 45.226
105, 8, 0, 21946, 45.234
103, 9, 0, 21850, 45.240
102, 10, 0, 21801, 45.249
101, 13, 0, 21577, 45.257
100, 16, 0, 21001, 45.263
100, 19, 0, 20841, 45.271
100, 23, 0, 20665, 45.279
100, 27, 0, 20617, 45.287
101, 32, 0, 20793, 45.295
101, 36, 0, 20633, 45.303
103, 41, 0, 20889, 45.310
104, 47, 0, 20665, 45.317
106, 52, 0, 20233, 45.326
108, 57, 0, 19624, 45.333
110, 63, 0, 18680, 45.341
112, 69, 0, 18376, 45.349
114, 74, 0, 18360, 45.355
117, 79, 0, 18184, 45.363
119, 85, 0, 18504, 45.371
122, 89, 0, 18472, 45.379
125, 94, 0, 18968, 45.387
127, 98, 0, 19833, 45.394
130, 101, 0, 20473, 45.403
132, 103, 0, 21513, 45.410
134, 105, 0, 22090, 45.418
135, 105, 0, 22490, 45.424
136, 105, 0, 22794, 45.433
137, 104, 0, 22810, 45.441
138, 102, 0, 23098, 45.448
138, 99, 0, 23802, 45.455
138, 95, 0, 24107, 45.464
138, 91, 0, 24779, 45.471
138, 86, 0, 24459, 45.478
137, 83, 0, 23674, 45.487
137, 79, 0, 23130, 45.494
137, 77, 0, 22250, 45.502
137, 75, 0, 22602, 45.509
138, 75, 0, 22410, 45.518
138, 76, 0, 21866, 45.525
139, 78, 0, 22250, 45.533
140, 81, 0, 22474, 45.540
142, 84, 0, 22730, 45.547
143, 88, 0, 22586, 45.555
145, 93, 0, 22314, 45.564
147, 97, 0, 22522, 45.571
148, 101, 0, 21962, 45.579
150, 104, 0, 20857, 45.587
151, 106, 0, 20585, 45.594
153, 107, 0, 20425, 45.602
153, 107, 0, 20985, 45.609
154, 106, 0, 21017, 45.617
154, 103, 0, 21866, 45.624
154, 100, 0, 23018, 45.632
153, 97, 0, 24026, 45.639
153, 93, 0, 24859, 45.648
152, 90, 0, 25083, 45.655
152, 87, 0, 25099, 45.663
152, 85, 0, 25707, 45.671
152, 84, 0, 26011, 45.679
153, 84, 0, 26075, 45.685
153, 84, 0, 25915, 45.693
154, 86, 0, 25947, 45.702
156, 88, 0, 26268, 45.709
157, 90, 0, 26220, 45.716
158, 93, 0, 26268, 45.725
159, 96, 0, 26300, 45.732
161, 100, 0, 26043, 45.740
162, 103, 0, 25083, 45.748
163, 105, 0, 23786, 45.755
164, 107, 0, 22346, 45.762
164, 108, 0, 22186, 45.771
165, 108, 0, 21833, 45.778
165, 107, 0, 21545, 45.786
166, 105, 0, 22458, 45.793
166, 102, 0, 23930, 45.801
166, 98, 0, 25979, 45.808
165, 94, 0, 26812, 45.817
165, 89, 0, 27516, 45.824
165, 85, 0, 27660, 45.831
165, 82, 0, 27756, 45.839
165, 79, 0, 28092, 45.846
165, 78, 0, 27724, 45.856
166, 77, 0, 27084, 45.863
167, 77, 0, 26684, 45.870
168, 78, 0, 26236, 45.878
169, 80, 0, 26348, 45.886
170, 82, 0, 26268, 45.893
171, 85, 0, 25947, 45.901
172, 87, 0, 25483, 45.909
173, 90, 0, 24539, 45.916
174, 91, 0, 24059, 45.924
175, 93, 0, 23466, 45.932
176, 93, 0, 23290, 45.940
177, 92, 0, 23002, 45.947
177, 91, 0, 23178, 45.954
178, 89, 0, 23962, 45.963
178, 86, 0, 25131, 45.970
179, 83, 0, 25435, 45.978
180, 81, 0, 25787, 45.985
180, 78, 0, 26636, 45.993
181, 76, 0, 26892, 46.001
183, 75, 0, 27196, 46.010
184, 74, 0, 27068, 46.016
186, 74, 0, 27100, 46.024
188, 75, 0, 27324, 46.032
191, 76, 0, 27356, 46.038
193, 77, 0, 27372, 46.046
195, 79, 0, 27660, 46.054
198, 81, 0, 27884, 46.061
200, 83, 0, 28413, 46.070
202, 85, 0, 28124, 46.078
203, 88, 0, 27660, 46.085
204, 91, 0, 26844, 46.094
205, 93, 0, 25883, 46.101
205, 96, 0, 25275, 46.108
205, 100, 0, 24107, 46.116
204, 103, 0, 22794, 46.123
203, 106, 0, 21785, 46.131
201, 109, 0, 20441, 46.139
199, 111, 0, 19064, 46.147
197, 113, 0, 18392, 46.154
195, 114, 0, 18648, 46.161
192, 115, 0, 19000, 46.169
190, 114, 0, 21225, 46.177
188, 113, 0, 24026, 46.185
186, 110, 0, 26444, 46.192
183, 106, 0, 28493, 46.200
181, 102, 0, 29245, 46.208
180, 97, 0, 29165, 46.216
178, 93, 0, 29101, 46.224
177, 88, 0, 29629, 46.231
176, 84, 0, 29709, 46.238
176, 81, 0, 29805, 46.246
177, 78, 0, 29885, 46.254
177, 76, 0, 29437, 46.262
179, 76, 0, 29565, 46.270
180, 75, 0, 29069, 46.277
182, 76, 0, 28829, 46.285
184, 77, 0, 28829, 46.291
187, 79, 0, 28541, 46.300
189, 81, 0, 28332, 46.307
192, 85, 0, 27740, 46.315
195, 88, 0, 26876, 46.322
198, 92, 0, 26428, 46.331
201, 97, 0, 25771, 46.339
204, 101, 0, 25275, 46.346
207, 104, 0, 24843, 46.354
210, 107, 0, 24731, 46.362
212, 109, 0, 25659, 46.369
214, 110, 0, 25739, 46.377
215, 109, 0, 25915, 46.385
216, 107, 0, 26107, 46.392
216, 105, 0, 26460, 46.400
215, 101, 0, 26748, 46.408
214, 97, 0, 26876, 46.414
213, 93, 0, 26732, 46.422
212, 89, 0, 27260, 46.431
210, 85, 0, 26908, 46.438
210, 82, 0, 27068, 46.446
209, 80, 0, 27548, 46.454
209, 78, 0, 27612, 46.461
209, 78, 0, 28028, 46.469
209, 78, 0, 27420, 46.476
210, 79, 0, 27452, 46.484
211, 80, 0, 27660, 46.491
212, 83, 0, 27740, 46.500
214, 86, 0, 27996, 46.506
215, 90, 0, 27772, 46.515
217, 94, 0, 27516, 46.522
219, 98, 0, 27756, 46.531
222, 102, 0, 27052, 46.538
224, 106, 0, 26380, 46.545
227, 108, 0, 26171, 46.553
229, 110, 0, 25995, 46.562
230, 111, 0, 26043, 46.573
231, 110, 0, 25739, 46.578
232, 107, 0, 26236, 46.583
232, 104, 0, 27660, 46.591
231, 99, 0, 28973, 46.600
230, 94, 0, 30141, 46.606
230, 89, 0, 31214, 46.614
229, 83, 0, 31246, 46.623
229, 78, 0, 32526, 46.629
229, 74, 0, 32654, 46.638
229, 72, 0, 32767, 46.646
230, 70, 0, 32767, 46.654
232, 69, 0, 32767, 46.661
235, 70, 0, 32767, 46.669
238, 72, 0, 32286, 46.675
242, 75, 0, 31182, 46.684
246, 79, 0, 29357, 46.690
249, 84, 0, 25019, 46.699
252, 89, 0, 17319, 46.706
252, 89, 0, 0, 46.715
254, 100, 212, 0, 46.722
253, 105, 453, 0, 46.730
253, 105, 690, 0, 46.736
253, 105, 874, 0, 46.745
253, 105, 986, 0, 46.758
253, 105, 1023, 0, 46.764
253, 105, 1023, 0, 46.770
253, 105, 1023, 0, 46.778
253, 105, 1023, 0, 46.785
253, 105, 1023, 0, 46.791
253, 105, 1023, 0, 46.799
253, 105, 1023, 0, 46.805
253, 105, 1023, 0, 46.812
253, 105, 1023, 0, 46.818
253, 105, 1023, 0, 46.825
