63, 162, 1023, 0, 07.353
63, 163, 1023, 0, 07.355
63, 163, 1023, 0, 07.355
63, 163, 1023, 0, 07.362
63, 164, 994, 0, 07.369
63, 164, 966, 0, 07.377
63, 164, 938, 0, 07.386
63, 165, 882, 0, 07.393
63, 165, 814, 0, 07.400
63, 166, 746, 0, 07.408
63, 167, 645, 0, 07.415
63, 167, 549, 0, 07.423
63, 168, 453, 0, 07.431
63, 168, 328, 0, 07.438
63, 169, 204, 0, 07.446
63, 169, 68, 0, 07.454
63, 169, 0, 0, 07.462
62, 169, 0, 0, 07.470
62, 169, 0, 0, 07.477
62, 169, 0, 0, 07.484
62, 169, 0, 0, 07.492
62, 169, 0, 12181, 07.500
62, 169, 0, 11653, 07.508
62, 168, 0, 11509, 07.515
62, 167, 0, 12309, 07.523
62, 166, 0, 13974, 07.531
63, 165, 0, 15879, 07.538
63, 163, 0, 17496, 07.546
63, 162, 0, 18504, 07.553
63, 160, 0, 19544, 07.562
63, 158, 0, 20489, 07.569
63, 156, 0, 21433, 07.576
63, 153, 0, 22154, 07.584
63, 151, 0, 22762, 07.593
63, 149, 0, 22906, 07.599
62, 147, 0, 23146, 07.607
62, 146, 0, 23274, 07.615
61, 144, 0, 23258, 07.622
61, 143, 0, 23322, 07.631
60, 142, 0, 23242, 07.638
59, 141, 0, 22906, 07.645
59, 141, 0, 22170, 07.653
58, 141, 0, 21065, 07.661
57, 141, 0, 19977, 07.669
57, 141, 0, 19128, 07.676
56, 142, 0, 18152, 07.685
56, 142, 0, 17047, 07.691
55, 143, 0, 16919, 07.699
55, 144, 0, 16615, 07.707
55, 145, 0, 16359, 07.714
55, 146, 0, 16327, 07.722
56, 147, 0, 16263, 07.730
56, 147, 0, 16327, 07.739
57, 148, 0, 16423, 07.746
58, 148, 0, 16727, 07.754
60, 148, 0, 17415, 07.762
61, 147, 0, 18648, 07.769
62, 147, 0, 19945, 07.777
64, 146, 0, 21225, 07.785
66, 146, 0, 22234, 07.792
67, 145, 0, 23338, 07.800
69, 144, 0, 24619, 07.808
70, 144, 0, 25291, 07.815
72, 143, 0, 25563, 07.822
73, 142, 0, 25611, 07.830
74, 142, 0, 25691, 07.837
76, 142, 0, 25659, 07.845
77, 142, 0, 25307, 07.853
77, 142, 0, 23530, 07.861
78, 142, 0, 20521, 07.869
78, 143, 0, 15943, 07.876
78, 144, 0, 7171, 07.884
78, 144, 0, 0, 07.892
77, 146, 44, 0, 07.900
76, 147, 100, 0, 07.907
75, 148, 156, 0, 07.916
74, 149, 212, 0, 07.924
72, 151, 268, 0, 07.931
70, 152, 324, 0, 07.938
69, 153, 369, 0, 07.945
67, 154, 381, 0, 07.953
65, 155, 381, 0, 07.961
64, 156, 345, 0, 07.968
62, 156, 268, 0, 07.975
61, 156, 156, 0, 07.983
60, 157, 44, 0, 07.992
60, 157, 0, 0, 08.000
59, 157, 0, 0, 08.007
59, 157, 0, 0, 08.015
59, 157, 0, 17912, 08.022
59, 157, 0, 17351, 08.029
60, 156, 0, 17415, 08.038
60, 156, 0, 19560, 08.045
61, 156, 0, 21705, 08.053
62, 155, 0, 23578, 08.060
63, 155, 0, 24955, 08.070
65, 154, 0, 26220, 08.076
66, 154, 0, 27372, 08.085
67, 154, 0, 27964, 08.092
69, 153, 0, 28348, 08.100
70, 153, 0, 28284, 08.107
72, 153, 0, 28284, 08.115
73, 153, 0, 28140, 08.122
74, 153, 0, 27484, 08.129
75, 153, 0, 25739, 08.138
76, 153, 0, 23050, 08.145
77, 154, 0, 19737, 08.153
78, 154, 0, 14822, 08.160
78, 154, 0, 5970, 08.168
78, 154, 0, 0, 08.176
78, 155, 52, 0, 08.184
78, 155, 96, 0, 08.190
78, 156, 128, 0, 08.199
77, 156, 128, 0, 08.206
77, 157, 104, 0, 08.214
76, 157, 52, 0, 08.221
76, 157, 0, 0, 08.230
75, 157, 0, 0, 08.237
75, 156, 0, 0, 08.245
74, 156, 0, 0, 08.252
74, 155, 0, 13542, 08.260
73, 154, 0, 14646, 08.268
73, 152, 0, 17079, 08.276
72, 151, 0, 19512, 08.283
72, 150, 0, 21321, 08.291
72, 149, 0, 22714, 08.299
72, 148, 0, 23642, 08.306
72, 147, 0, 24139, 08.313
73, 146, 0, 24395, 08.321
73, 146, 0, 24379, 08.329
74, 146, 0, 24331, 08.337
75, 146, 0, 24251, 08.344
76, 146, 0, 24203, 08.352
76, 147, 0, 24283, 08.360
77, 148, 0, 24187, 08.368
77, 149, 0, 24123, 08.375
78, 150, 0, 23802, 08.383
78, 150, 0, 23578, 08.391
78, 151, 0, 23210, 08.399
78, 151, 0, 23242, 08.406
78, 151, 0, 24010, 08.414
78, 150, 0, 24091, 08.421
78, 149, 0, 24219, 08.429
78, 148, 0, 24571, 08.437
77, 147, 0, 25051, 08.444
77, 147, 0, 25691, 08.452
77, 146, 0, 26284, 08.459
77, 145, 0, 26540, 08.468
78, 145, 0, 26604, 08.475
78, 145, 0, 26508, 08.483
78, 145, 0, 26380, 08.491
79, 145, 0, 26412, 08.497
79, 146, 0, 26524, 08.506
80, 147, 0, 26684, 08.513
80, 148, 0, 26940, 08.521
80, 149, 0, 26812, 08.529
81, 151, 0, 26796, 08.537
81, 152, 0, 26892, 08.543
81, 154, 0, 26844, 08.552
81, 156, 0, 26828, 08.560
81, 157, 0, 26428, 08.567
81, 159, 0, 25963, 08.574
82, 161, 0, 25499, 08.583
82, 163, 0, 25019, 08.590
82, 164, 0, 24635, 08.599
82, 166, 0, 24459, 08.606
82, 167, 0, 24443, 08.613
82, 168, 0, 24427, 08.621
82, 168, 0, 24347, 08.629
82, 169, 0, 24379, 08.636
82, 169, 0, 24651, 08.643
82, 169, 0, 24795, 08.652
82, 168, 0, 24779, 08.660
81, 167, 0, 24603, 08.667
81, 166, 0, 24523, 08.675
81, 164, 0, 24667, 08.682
80, 163, 0, 24523, 08.691
80, 160, 0, 24651, 08.698
79, 158, 0, 24683, 08.705
78, 156, 0, 24587, 08.713
78, 154, 0, 24795, 08.721
78, 152, 0, 24939, 08.728
77, 150, 0, 25051, 08.736
77, 149, 0, 25211, 08.744
77, 149, 0, 25291, 08.751
77, 148, 0, 25307, 08.759
78, 148, 0, 25211, 08.767
78, 148, 0, 25211, 08.774
79, 149, 0, 25451, 08.782
79, 150, 0, 25931, 08.790
80, 151, 0, 26444, 08.799
81, 152, 0, 26844, 08.806
82, 154, 0, 27132, 08.813
83, 155, 0, 27324, 08.821
84, 157, 0, 27324, 08.827
84, 159, 0, 27388, 08.836
85, 161, 0, 27292, 08.843
86, 162, 0, 27292, 08.851
86, 164, 0, 27292, 08.859
87, 166, 0, 26988, 08.866
87, 167, 0, 25995, 08.874
87, 168, 0, 23994, 08.882
87, 169, 0, 21737, 08.890
87, 169, 0, 18536, 08.897
87, 169, 0, 14390, 08.905
87, 170, 0, 9044, 08.913
87, 170, 0, 0, 08.921
85, 169, 0, 0, 08.928
85, 169, 16, 0, 08.936
84, 168, 32, 0, 08.943
84, 167, 44, 0, 08.951
83, 166, 52, 0, 08.960
83, 165, 52, 0, 08.966
83, 164, 52, 0, 08.974
82, 163, 0, 0, 08.982
82, 162, 0, 0, 08.988
82, 160, 0, 13558, 08.997
82, 159, 0, 16535, 09.005
82, 157, 0, 19977, 09.012
82, 155, 0, 22858, 09.020
81, 153, 0, 25099, 09.028
81, 151, 0, 26876, 09.035
81, 150, 0, 27932, 09.042
81, 148, 0, 28252, 09.051
81, 147, 0, 28493, 09.058
82, 146, 0, 28477, 09.066
82, 145, 0, 28445, 09.073
83, 145, 0, 28252, 09.081
83, 145, 0, 27068, 09.089
84, 145, 0, 24747, 09.097
84, 145, 0, 22122, 09.104
85, 145, 0, 19192, 09.113
86, 146, 0, 15447, 09.120
86, 147, 0, 10644, 09.128
86, 148, 0, 6066, 09.135
86, 148, 0, 0, 09.142
87, 150, 0, 0, 09.151
87, 151, 0, 0, 09.158
87, 152, 0, 0, 09.166
87, 153, 0, 0, 09.173
87, 154, 0, 0, 09.180
87, 154, 0, 0, 09.189
87, 155, 0, 0, 09.197
86, 155, 0, 0, 09.204
86, 154, 0, 15351, 09.211
86, 154, 0, 18232, 09.219
85, 153, 0, 20889, 09.226
84, 152, 0, 23226, 09.235
84, 151, 0, 25515, 09.242
84, 149, 0, 26972, 09.250
84, 148, 0, 28172, 09.258
84, 148, 0, 28589, 09.264
85, 147, 0, 28701, 09.272
85, 147, 0, 28765, 09.280
86, 147, 0, 28813, 09.288
87, 147, 0, 28749, 09.296
88, 148, 0, 28829, 09.304
88, 148, 0, 28861, 09.311
89, 149, 0, 28877, 09.319
89, 150, 0, 28749, 09.327
90, 152, 0, 28300, 09.334
90, 153, 0, 27244, 09.342
90, 154, 0, 25979, 09.350
90, 155, 0, 24795, 09.358
89, 156, 0, 22810, 09.365
89, 157, 0, 20185, 09.372
88, 157, 0, 16407, 09.381
88, 158, 0, 11877, 09.389
87, 158, 0, 7859, 09.396
87, 158, 0, 6162, 09.405
87, 158, 0, 6370, 09.411
87, 158, 0, 8563, 09.419
87, 157, 0, 10916, 09.427
87, 157, 0, 13558, 09.434
87, 156, 0, 16535, 09.442
87, 155, 0, 19384, 09.450
88, 153, 0, 21801, 09.457
88, 152, 0, 24427, 09.465
89, 151, 0, 26588, 09.473
89, 150, 0, 27868, 09.481
90, 149, 0, 28765, 09.488
91, 148, 0, 29501, 09.496
91, 147, 0, 30221, 09.503
92, 146, 0, 30830, 09.510
92, 145, 0, 31214, 09.519
93, 144, 0, 31614, 09.526
93, 144, 0, 31694, 09.534
93, 144, 0, 31758, 09.542
93, 144, 0, 31774, 09.549
92, 144, 0, 32126, 09.556
92, 144, 0, 32206, 09.565
91, 144, 0, 31934, 09.572
89, 144, 0, 31454, 09.579
88, 144, 0, 30253, 09.588
87, 144, 0, 28589, 09.595
86, 144, 0, 26075, 09.602
86, 145, 0, 21305, 09.610
85, 145, 0, 13830, 09.619
85, 145, 0, 5650, 09.625
85, 145, 0, 0, 09.634
86, 146, 32, 0, 09.641
86, 147, 72, 0, 09.650
87, 148, 116, 0, 09.657
88, 149, 148, 0, 09.665
89, 149, 172, 0, 09.672
90, 150, 184, 0, 09.679
91, 151, 160, 0, 09.688
92, 151, 128, 0, 09.694
94, 152, 72, 0, 09.703
95, 153, 20, 0, 09.711
96, 153, 0, 0, 09.719
97, 154, 0, 0, 09.726
98, 154, 0, 0, 09.734
99, 155, 0, 0, 09.741
99, 155, 0, 0, 09.749
100, 155, 0, 9492, 09.757
100, 155, 0, 11461, 09.764
100, 155, 0, 14022, 09.772
100, 155, 0, 17512, 09.780
100, 155, 0, 21769, 09.788
100, 155, 0, 24763, 09.795
100, 155, 0, 26556, 09.803
99, 154, 0, 27820, 09.810
99, 153, 0, 28925, 09.818
98, 152, 0, 29981, 09.826
98, 151, 0, 30734, 09.833
97, 150, 0, 31230, 09.841
96, 149, 0, 31534, 09.849
96, 148, 0, 31822, 09.856
96, 147, 0, 32126, 09.863
95, 146, 0, 32446, 09.872
95, 145, 0, 32590, 09.880
95, 145, 0, 32670, 09.886
96, 144, 0, 32494, 09.894
96, 144, 0, 32350, 09.902
96, 145, 0, 32126, 09.910
97, 145, 0, 31726, 09.918
98, 146, 0, 31118, 09.924
99, 147, 0, 30493, 09.934
99, 148, 0, 29677, 09.941
100, 148, 0, 28845, 09.949
101, 149, 0, 28589, 09.956
102, 150, 0, 28493, 09.964
102, 150, 0, 28461, 09.972
102, 150, 0, 28541, 09.979
102, 150, 0, 28332, 09.987
102, 149, 0, 28861, 09.994
102, 148, 0, 29661, 10.002
102, 146, 0, 30205, 10.010
102, 145, 0, 30958, 10.018
101, 144, 0, 31838, 10.025
101, 143, 0, 32542, 10.033
101, 142, 0, 32767, 10.041
101, 141, 0, 32767, 10.048
102, 141, 0, 32767, 10.056
102, 141, 0, 32590, 10.063
102, 142, 0, 32606, 10.072
103, 143, 0, 32606, 10.079
103, 144, 0, 32318, 10.087
104, 145, 0, 31838, 10.093
104, 146, 0, 31614, 10.102
104, 147, 0, 31358, 10.109
105, 148, 0, 31198, 10.117
105, 148, 0, 30734, 10.124
105, 149, 0, 30798, 10.133
104, 149, 0, 30942, 10.140
104, 149, 0, 31118, 10.148
104, 148, 0, 31294, 10.155
103, 147, 0, 31374, 10.163
103, 146, 0, 31582, 10.171
102, 144, 0, 31870, 10.180
102, 143, 0, 32366, 10.186
102, 141, 0, 32526, 10.193
102, 139, 0, 32767, 10.202
102, 138, 0, 32767, 10.209
102, 136, 0, 32767, 10.216
103, 135, 0, 32767, 10.225
104, 135, 0, 32767, 10.233
105, 134, 0, 32767, 10.240
106, 134, 0, 32286, 10.248
107, 134, 0, 31550, 10.255
108, 134, 0, 30429, 10.263
109, 134, 0, 29293, 10.271
110, 134, 0, 28172, 10.278
111, 133, 0, 26524, 10.286
112, 132, 0, 25515, 10.294
113, 131, 0, 25195, 10.302
114, 130, 0, 24635, 10.309
115, 128, 0, 23274, 10.317
116, 126, 0, 20313, 10.324
117, 125, 0, 14438, 10.332
118, 123, 0, 3857, 10.340
118, 123, 0, 0, 10.346
121, 120, 160, 0, 10.354
122, 118, 341, 0, 10.363
124, 117, 529, 0, 10.371
125, 115, 706, 0, 10.378
127, 114, 858, 0, 10.386
127, 114, 970, 0, 10.394
127, 114, 1023, 0, 10.407
127, 114, 1023, 0, 10.416
127, 114, 1023, 0, 10.433
127, 114, 1023, 0, 10.438
127, 114, 1023, 0, 10.445
127, 114, 1023, 0, 10.452
127, 114, 1023, 0, 10.460
127, 114, 1023, 0, 10.465
127, 114, 1023, 0, 10.472
127, 114, 1023, 0, 10.477
127, 114, 1023, 0, 10.485
127, 114, 1023, 0, 10.492
127, 114, 1023, 0, 10.498
