59, 157, 1023, 0, 43.522
59, 157, 1023, 0, 43.523
59, 157, 1023, 0, 43.523
59, 157, 1023, 0, 43.529
59, 158, 1023, 0, 43.537
59, 158, 1023, 0, 43.544
59, 158, 1023, 0, 43.553
59, 159, 1023, 0, 43.560
59, 159, 1023, 0, 43.567
59, 159, 1006, 0, 43.575
59, 160, 982, 0, 43.583
59, 160, 954, 0, 43.590
59, 160, 930, 0, 43.598
59, 161, 890, 0, 43.607
59, 161, 862, 0, 43.615
59, 162, 822, 0, 43.621
59, 162, 786, 0, 43.630
60, 163, 746, 0, 43.637
60, 163, 682, 0, 43.643
60, 164, 613, 0, 43.652
60, 165, 521, 0, 43.660
60, 165, 429, 0, 43.667
61, 166, 324, 0, 43.676
61, 167, 220, 0, 43.684
61, 168, 104, 0, 43.691
61, 169, 0, 0, 43.699
61, 169, 0, 0, 43.706
61, 170, 0, 0, 43.713
61, 170, 0, 0, 43.722
60, 170, 0, 0, 43.729
60, 171, 0, 15623, 43.736
60, 171, 0, 15607, 43.744
60, 171, 0, 15703, 43.752
60, 171, 0, 16215, 43.759
60, 171, 0, 17463, 43.767
60, 171, 0, 18488, 43.775
60, 171, 0, 18696, 43.782
60, 169, 0, 18776, 43.791
60, 168, 0, 19224, 43.798
60, 166, 0, 20073, 43.804
60, 163, 0, 20809, 43.812
61, 161, 0, 21417, 43.821
61, 158, 0, 21978, 43.828
61, 156, 0, 22522, 43.835
60, 153, 0, 23290, 43.843
60, 151, 0, 24571, 43.853
60, 148, 0, 25163, 43.859
59, 146, 0, 25659, 43.867
58, 144, 0, 25819, 43.874
57, 142, 0, 25867, 43.882
56, 140, 0, 25803, 43.890
55, 138, 0, 25723, 43.897
53, 136, 0, 25211, 43.905
52, 135, 0, 24379, 43.913
50, 134, 0, 23594, 43.921
49, 133, 0, 22458, 43.928
48, 133, 0, 21417, 43.936
47, 133, 0, 20137, 43.944
46, 133, 0, 19448, 43.953
45, 134, 0, 18808, 43.959
45, 135, 0, 18664, 43.967
44, 136, 0, 18424, 43.975
44, 137, 0, 18280, 43.982
45, 138, 0, 18104, 43.990
46, 139, 0, 18040, 43.998
46, 140, 0, 17992, 44.005
48, 140, 0, 18088, 44.013
49, 141, 0, 18296, 44.021
50, 141, 0, 18952, 44.029
52, 141, 0, 20073, 44.036
53, 140, 0, 21273, 44.043
54, 140, 0, 22410, 44.052
56, 139, 0, 23786, 44.059
57, 139, 0, 24907, 44.066
59, 139, 0, 25547, 44.075
60, 138, 0, 26043, 44.083
61, 138, 0, 26492, 44.090
62, 137, 0, 26716, 44.098
63, 137, 0, 26716, 44.105
64, 137, 0, 26748, 44.112
65, 137, 0, 26316, 44.121
66, 137, 0, 25067, 44.128
66, 137, 0, 22954, 44.136
66, 138, 0, 18472, 44.143
66, 139, 0, 12693, 44.151
66, 140, 0, 5170, 44.158
66, 140, 0, 0, 44.166
64, 142, 64, 0, 44.174
63, 143, 128, 0, 44.182
62, 144, 204, 0, 44.190
60, 146, 268, 0, 44.197
58, 147, 324, 0, 44.206
57, 148, 357, 0, 44.214
55, 148, 357, 0, 44.221
54, 149, 324, 0, 44.228
52, 150, 236, 0, 44.235
52, 150, 140, 0, 44.243
51, 150, 40, 0, 44.252
51, 150, 0, 0, 44.259
50, 150, 0, 0, 44.266
50, 150, 0, 19913, 44.274
50, 150, 0, 18872, 44.282
51, 150, 0, 18776, 44.289
52, 150, 0, 20137, 44.296
53, 150, 0, 22282, 44.304
54, 150, 0, 24123, 44.312
56, 149, 0, 25451, 44.320
57, 149, 0, 26460, 44.327
59, 149, 0, 27404, 44.336
60, 149, 0, 28188, 44.343
61, 149, 0, 28493, 44.351
63, 149, 0, 28557, 44.359
64, 149, 0, 28429, 44.367
65, 149, 0, 27804, 44.373
66, 149, 0, 26796, 44.381
66, 149, 0, 25003, 44.390
67, 149, 0, 22586, 44.397
68, 149, 0, 19112, 44.406
68, 149, 0, 15335, 44.413
69, 149, 0, 11477, 44.419
69, 150, 0, 8003, 44.427
69, 150, 0, 3889, 44.435
69, 150, 0, 0, 44.441
69, 150, 0, 0, 44.450
69, 150, 0, 0, 44.459
69, 150, 0, 5970, 44.465
69, 150, 0, 9460, 44.473
68, 150, 0, 13286, 44.481
68, 150, 0, 15943, 44.488
67, 149, 0, 18680, 44.496
67, 148, 0, 20473, 44.504
66, 147, 0, 22378, 44.510
66, 146, 0, 24347, 44.519
66, 144, 0, 26139, 44.527
66, 143, 0, 27660, 44.536
66, 141, 0, 28733, 44.543
66, 140, 0, 29533, 44.550
66, 139, 0, 30077, 44.557
67, 138, 0, 30173, 44.565
67, 138, 0, 30013, 44.573
68, 138, 0, 29821, 44.581
68, 139, 0, 29613, 44.589
69, 139, 0, 29245, 44.597
69, 140, 0, 28541, 44.604
70, 141, 0, 27580, 44.612
70, 142, 0, 26540, 44.619
71, 143, 0, 25467, 44.626
71, 144, 0, 24987, 44.634
71, 144, 0, 24443, 44.642
71, 144, 0, 24251, 44.651
71, 144, 0, 24603, 44.657
71, 144, 0, 25675, 44.666
71, 143, 0, 26171, 44.673
70, 142, 0, 26428, 44.680
70, 141, 0, 26860, 44.688
70, 140, 0, 27612, 44.695
70, 139, 0, 28236, 44.704
70, 138, 0, 28845, 44.711
71, 137, 0, 28861, 44.720
71, 137, 0, 28797, 44.726
71, 137, 0, 28621, 44.735
72, 138, 0, 28364, 44.742
72, 139, 0, 28268, 44.750
73, 140, 0, 28172, 44.757
73, 141, 0, 28076, 44.766
74, 143, 0, 27788, 44.774
75, 145, 0, 27372, 44.780
75, 147, 0, 27276, 44.788
76, 150, 0, 27196, 44.795
76, 152, 0, 27004, 44.803
76, 155, 0, 26604, 44.811
77, 157, 0, 26348, 44.818
77, 160, 0, 26043, 44.825
78, 162, 0, 25963, 44.834
78, 164, 0, 25995, 44.843
78, 165, 0, 26075, 44.850
79, 167, 0, 26139, 44.858
79, 167, 0, 26155, 44.865
79, 168, 0, 26123, 44.872
79, 168, 0, 26091, 44.880
79, 168, 0, 26588, 44.888
79, 168, 0, 27148, 44.896
79, 167, 0, 27324, 44.904
78, 166, 0, 27244, 44.911
78, 164, 0, 27276, 44.918
77, 162, 0, 27132, 44.926
76, 160, 0, 27100, 44.934
76, 157, 0, 27052, 44.941
75, 154, 0, 27212, 44.949
74, 152, 0, 27372, 44.956
74, 149, 0, 27548, 44.964
73, 147, 0, 27756, 44.972
73, 145, 0, 27964, 44.980
73, 144, 0, 28204, 44.987
73, 143, 0, 28364, 44.996
73, 142, 0, 28380, 45.002
73, 142, 0, 28413, 45.010
74, 142, 0, 28268, 45.019
74, 142, 0, 28172, 45.026
75, 143, 0, 28140, 45.034
76, 144, 0, 28284, 45.042
77, 145, 0, 28477, 45.049
78, 146, 0, 28637, 45.056
79, 148, 0, 28909, 45.065
80, 150, 0, 29357, 45.073
81, 153, 0, 29821, 45.080
83, 155, 0, 29997, 45.087
84, 157, 0, 29917, 45.095
85, 159, 0, 29821, 45.103
86, 161, 0, 29837, 45.110
87, 163, 0, 29837, 45.118
87, 165, 0, 29805, 45.125
88, 167, 0, 29597, 45.132
88, 168, 0, 28797, 45.142
88, 169, 0, 27132, 45.149
88, 170, 0, 24379, 45.156
88, 170, 0, 21017, 45.164
87, 170, 0, 17928, 45.171
87, 170, 0, 12181, 45.180
87, 170, 0, 0, 45.187
85, 169, 0, 0, 45.194
83, 169, 60, 0, 45.203
82, 168, 112, 0, 45.210
82, 167, 144, 0, 45.218
81, 165, 132, 0, 45.226
81, 164, 100, 0, 45.233
80, 162, 60, 0, 45.240
80, 161, 0, 0, 45.248
80, 158, 0, 0, 45.256
80, 156, 0, 23562, 45.264
80, 154, 0, 25115, 45.272
80, 152, 0, 27340, 45.279
80, 149, 0, 29565, 45.287
80, 147, 0, 30910, 45.295
80, 145, 0, 31710, 45.303
80, 143, 0, 32142, 45.310
80, 141, 0, 32334, 45.317
80, 140, 0, 32494, 45.325
80, 139, 0, 32446, 45.333
80, 139, 0, 31742, 45.340
81, 139, 0, 29693, 45.348
81, 139, 0, 26220, 45.356
82, 139, 0, 22682, 45.364
83, 140, 0, 18264, 45.371
83, 142, 0, 12117, 45.377
84, 143, 0, 5106, 45.387
84, 143, 0, 0, 45.394
85, 146, 28, 0, 45.403
86, 147, 52, 0, 45.409
86, 149, 60, 0, 45.417
87, 150, 52, 0, 45.425
87, 151, 20, 0, 45.434
87, 152, 0, 0, 45.440
87, 153, 0, 0, 45.448
87, 153, 0, 0, 45.454
87, 153, 0, 16327, 45.464
86, 152, 0, 19560, 45.472
86, 151, 0, 22474, 45.478
86, 150, 0, 25003, 45.486
85, 148, 0, 27004, 45.495
85, 146, 0, 28733, 45.503
85, 145, 0, 30061, 45.509
85, 143, 0, 31118, 45.517
85, 142, 0, 31886, 45.524
85, 140, 0, 32366, 45.532
86, 140, 0, 32590, 45.540
86, 139, 0, 32670, 45.547
87, 139, 0, 32622, 45.556
88, 139, 0, 32526, 45.563
88, 140, 0, 32398, 45.571
89, 141, 0, 32046, 45.578
89, 142, 0, 31678, 45.587
90, 143, 0, 31102, 45.593
90, 144, 0, 30317, 45.601
90, 146, 0, 29725, 45.608
90, 147, 0, 29357, 45.617
90, 148, 0, 29229, 45.624
89, 150, 0, 28973, 45.632
89, 151, 0, 28332, 45.639
88, 153, 0, 27836, 45.647
88, 154, 0, 27596, 45.655
87, 154, 0, 27484, 45.663
87, 155, 0, 27452, 45.670
87, 155, 0, 27548, 45.679
86, 154, 0, 27868, 45.687
86, 154, 0, 28268, 45.693
86, 153, 0, 28413, 45.701
86, 152, 0, 28525, 45.710
87, 151, 0, 28845, 45.716
87, 149, 0, 29389, 45.724
88, 148, 0, 30269, 45.732
88, 146, 0, 30958, 45.740
89, 145, 0, 31646, 45.748
90, 144, 0, 32094, 45.755
90, 142, 0, 32350, 45.764
91, 142, 0, 32446, 45.770
92, 141, 0, 32398, 45.777
93, 140, 0, 31918, 45.786
93, 140, 0, 30269, 45.793
94, 140, 0, 26812, 45.801
95, 141, 0, 21177, 45.808
95, 141, 0, 14598, 45.816
96, 142, 0, 6466, 45.824
96, 142, 0, 0, 45.831
96, 145, 28, 0, 45.840
96, 146, 72, 0, 45.848
96, 148, 92, 0, 45.854
96, 149, 80, 0, 45.863
96, 150, 52, 0, 45.870
96, 151, 20, 0, 45.877
96, 151, 0, 0, 45.885
96, 151, 0, 0, 45.893
95, 151, 0, 19352, 45.900
95, 151, 0, 22362, 45.908
95, 150, 0, 24331, 45.916
95, 149, 0, 26300, 45.924
95, 148, 0, 27868, 45.931
95, 147, 0, 28989, 45.939
96, 145, 0, 29869, 45.947
96, 144, 0, 30686, 45.955
96, 143, 0, 31246, 45.963
96, 142, 0, 31774, 45.969
96, 141, 0, 32190, 45.977
96, 140, 0, 32542, 45.985
96, 139, 0, 32767, 45.992
95, 138, 0, 32767, 46.000
95, 138, 0, 32767, 46.008
94, 137, 0, 32767, 46.015
93, 137, 0, 32767, 46.023
92, 137, 0, 32767, 46.031
91, 137, 0, 32767, 46.040
91, 137, 0, 31950, 46.047
90, 138, 0, 29757, 46.054
90, 138, 0, 25979, 46.062
90, 139, 0, 22794, 46.069
90, 140, 0, 19064, 46.076
91, 142, 0, 13494, 46.084
91, 143, 0, 7747, 46.092
92, 144, 0, 1824, 46.100
92, 144, 0, 0, 46.107
94, 147, 0, 0, 46.116
95, 148, 0, 1536, 46.124
96, 149, 0, 2977, 46.132
97, 149, 0, 6723, 46.139
98, 150, 0, 11813, 46.146
99, 150, 0, 15943, 46.154
99, 150, 0, 18904, 46.163
100, 150, 0, 21513, 46.170
100, 149, 0, 24187, 46.177
101, 148, 0, 26796, 46.185
101, 147, 0, 28701, 46.192
101, 145, 0, 29933, 46.200
100, 144, 0, 30990, 46.207
100, 142, 0, 31838, 46.214
100, 141, 0, 32414, 46.224
100, 140, 0, 32767, 46.231
100, 139, 0, 32767, 46.239
100, 139, 0, 32767, 46.246
101, 139, 0, 32767, 46.253
101, 139, 0, 32718, 46.260
101, 140, 0, 32318, 46.268
102, 141, 0, 31726, 46.275
103, 142, 0, 31006, 46.284
103, 143, 0, 30846, 46.292
104, 143, 0, 30734, 46.299
104, 144, 0, 30702, 46.306
105, 144, 0, 30525, 46.315
105, 144, 0, 30381, 46.322
105, 144, 0, 30413, 46.330
105, 143, 0, 30766, 46.337
105, 142, 0, 30958, 46.345
105, 141, 0, 31342, 46.353
105, 140, 0, 31870, 46.362
105, 139, 0, 32206, 46.369
106, 138, 0, 32398, 46.377
107, 138, 0, 32270, 46.385
108, 138, 0, 32142, 46.392
109, 138, 0, 32062, 46.400
110, 138, 0, 32030, 46.407
111, 138, 0, 32062, 46.415
112, 139, 0, 32030, 46.423
113, 139, 0, 32078, 46.431
114, 140, 0, 32030, 46.437
115, 140, 0, 31998, 46.446
115, 140, 0, 32062, 46.453
116, 139, 0, 32030, 46.461
116, 138, 0, 32270, 46.468
116, 137, 0, 32414, 46.476
116, 135, 0, 32414, 46.484
116, 133, 0, 32446, 46.491
116, 131, 0, 32638, 46.500
116, 129, 0, 32767, 46.507
117, 128, 0, 32767, 46.514
117, 127, 0, 32767, 46.523
118, 126, 0, 32767, 46.531
118, 126, 0, 32414, 46.537
119, 126, 0, 31118, 46.546
120, 126, 0, 28733, 46.554
121, 126, 0, 25131, 46.561
122, 127, 0, 20377, 46.569
123, 128, 0, 13862, 46.576
124, 129, 0, 1824, 46.584
124, 129, 0, 0, 46.591
126, 131, 124, 0, 46.600
128, 133, 284, 0, 46.607
129, 134, 457, 0, 46.615
130, 136, 617, 0, 46.622
132, 138, 778, 0, 46.629
133, 140, 894, 0, 46.637
133, 140, 986, 0, 46.646
133, 140, 1023, 0, 46.652
133, 140, 1023, 0, 46.660
133, 140, 1023, 0, 46.667
133, 140, 1023, 0, 46.681
133, 140, 1023, 0, 46.690
133, 140, 1023, 0, 46.706
133, 140, 1023, 0, 46.712
133, 140, 1023, 0, 46.719
133, 140, 1023, 0, 46.725
133, 140, 1023, 0, 46.732
133, 140, 1023, 0, 46.738
133, 140, 1023, 0, 46.745
133, 140, 1023, 0, 46.752
133, 140, 1023, 0, 46.758
133, 140, 1023, 0, 46.765
133, 140, 1023, 0, 46.772
