47, 164, 1023, 0, 28.603
47, 165, 822, 0, 28.604
47, 165, 790, 0, 28.604
47, 166, 758, 0, 28.607
47, 166, 722, 0, 28.614
46, 167, 690, 0, 28.623
46, 168, 657, 0, 28.631
46, 169, 593, 0, 28.638
46, 170, 513, 0, 28.646
46, 170, 417, 0, 28.653
46, 171, 316, 0, 28.660
46, 172, 208, 0, 28.668
46, 173, 96, 0, 28.676
46, 173, 8, 0, 28.683
46, 173, 0, 0, 28.692
46, 173, 0, 0, 28.699
46, 173, 0, 11701, 28.707
46, 173, 0, 11573, 28.715
46, 172, 0, 13222, 28.723
46, 171, 0, 16231, 28.731
46, 169, 0, 18184, 28.738
47, 168, 0, 19785, 28.745
47, 166, 0, 21449, 28.754
47, 164, 0, 22954, 28.761
47, 163, 0, 24347, 28.769
47, 161, 0, 25723, 28.776
47, 159, 0, 26732, 28.783
46, 157, 0, 27548, 28.792
46, 155, 0, 28413, 28.800
46, 153, 0, 29133, 28.807
45, 151, 0, 29389, 28.815
45, 150, 0, 29485, 28.823
44, 148, 0, 29517, 28.829
43, 147, 0, 29709, 28.838
42, 146, 0, 29661, 28.844
41, 146, 0, 29053, 28.852
40, 145, 0, 28108, 28.860
39, 145, 0, 26652, 28.868
37, 145, 0, 25755, 28.875
36, 146, 0, 24747, 28.884
35, 147, 0, 22298, 28.891
35, 148, 0, 20281, 28.898
34, 149, 0, 19320, 28.907
34, 149, 0, 19112, 28.915
34, 150, 0, 19128, 28.922
34, 151, 0, 19240, 28.930
35, 151, 0, 19673, 28.938
36, 152, 0, 20409, 28.945
38, 152, 0, 21593, 28.952
39, 152, 0, 22506, 28.961
40, 151, 0, 23370, 28.968
42, 151, 0, 24715, 28.976
43, 150, 0, 26171, 28.984
45, 149, 0, 27788, 28.990
47, 149, 0, 29133, 28.998
49, 148, 0, 29901, 29.007
51, 147, 0, 30301, 29.014
53, 146, 0, 30718, 29.022
54, 145, 0, 30750, 29.029
56, 144, 0, 30910, 29.037
57, 144, 0, 30990, 29.045
59, 144, 0, 30590, 29.052
60, 144, 0, 29789, 29.060
61, 144, 0, 28060, 29.068
61, 145, 0, 24699, 29.076
61, 146, 0, 18312, 29.083
61, 147, 0, 7491, 29.091
61, 147, 0, 0, 29.099
59, 149, 72, 0, 29.106
58, 151, 172, 0, 29.114
57, 153, 268, 0, 29.121
55, 154, 357, 0, 29.130
54, 156, 433, 0, 29.136
52, 158, 497, 0, 29.145
50, 159, 521, 0, 29.153
48, 160, 509, 0, 29.160
47, 161, 477, 0, 29.167
46, 160, 413, 0, 29.176
44, 161, 324, 0, 29.184
43, 161, 204, 0, 29.191
43, 161, 108, 0, 29.199
42, 161, 0, 0, 29.206
42, 161, 0, 0, 29.214
42, 161, 0, 21193, 29.222
42, 161, 0, 21001, 29.229
43, 160, 0, 21193, 29.237
43, 159, 0, 23482, 29.245
44, 159, 0, 25739, 29.251
45, 158, 0, 26988, 29.259
46, 158, 0, 28268, 29.267
48, 157, 0, 29197, 29.275
49, 157, 0, 30237, 29.283
50, 156, 0, 31118, 29.291
51, 156, 0, 31662, 29.297
53, 156, 0, 31838, 29.305
54, 156, 0, 31998, 29.313
55, 156, 0, 32078, 29.321
56, 156, 0, 31918, 29.328
57, 156, 0, 30974, 29.336
58, 156, 0, 28989, 29.343
59, 156, 0, 24891, 29.352
59, 156, 0, 18632, 29.359
60, 156, 0, 8163, 29.367
60, 156, 0, 0, 29.375
60, 157, 64, 0, 29.383
60, 157, 144, 0, 29.391
60, 158, 196, 0, 29.397
60, 158, 232, 0, 29.406
59, 159, 232, 0, 29.413
59, 159, 208, 0, 29.421
59, 159, 152, 0, 29.429
58, 159, 76, 0, 29.436
58, 158, 0, 0, 29.444
57, 158, 0, 0, 29.453
57, 157, 0, 0, 29.460
56, 156, 0, 19176, 29.466
56, 154, 0, 20521, 29.475
56, 153, 0, 24107, 29.483
56, 151, 0, 27228, 29.490
56, 150, 0, 29149, 29.497
56, 148, 0, 30397, 29.505
56, 147, 0, 30926, 29.513
56, 146, 0, 31102, 29.520
57, 146, 0, 31006, 29.529
57, 145, 0, 30958, 29.535
58, 145, 0, 30734, 29.543
59, 146, 0, 30477, 29.551
60, 146, 0, 30205, 29.558
60, 147, 0, 29629, 29.567
61, 148, 0, 28605, 29.575
61, 149, 0, 27804, 29.582
61, 150, 0, 26780, 29.590
62, 151, 0, 26220, 29.598
62, 152, 0, 25883, 29.605
62, 152, 0, 25915, 29.612
62, 152, 0, 26348, 29.621
61, 152, 0, 27276, 29.629
61, 151, 0, 27708, 29.636
61, 150, 0, 28156, 29.644
60, 149, 0, 28685, 29.651
60, 148, 0, 29149, 29.659
60, 146, 0, 29725, 29.667
60, 145, 0, 30301, 29.674
60, 145, 0, 30638, 29.682
60, 144, 0, 30622, 29.690
61, 144, 0, 30541, 29.696
61, 144, 0, 30285, 29.705
62, 144, 0, 30045, 29.713
62, 145, 0, 30029, 29.720
63, 146, 0, 29837, 29.728
64, 147, 0, 29837, 29.736
64, 148, 0, 29709, 29.743
65, 149, 0, 29677, 29.751
65, 151, 0, 29789, 29.758
66, 152, 0, 29741, 29.765
66, 154, 0, 29725, 29.774
66, 156, 0, 29709, 29.782
67, 158, 0, 29613, 29.790
67, 160, 0, 29517, 29.798
67, 162, 0, 29405, 29.805
68, 164, 0, 29293, 29.812
68, 165, 0, 29213, 29.820
68, 167, 0, 29117, 29.828
69, 168, 0, 28813, 29.835
69, 170, 0, 28348, 29.843
69, 171, 0, 28012, 29.851
69, 172, 0, 27804, 29.859
69, 172, 0, 27468, 29.867
69, 173, 0, 27356, 29.874
69, 173, 0, 27308, 29.882
69, 173, 0, 27612, 29.889
69, 173, 0, 27772, 29.897
69, 172, 0, 27788, 29.904
68, 171, 0, 27532, 29.912
68, 170, 0, 27308, 29.920
67, 168, 0, 27212, 29.928
66, 166, 0, 27100, 29.935
65, 163, 0, 27100, 29.942
65, 161, 0, 26940, 29.950
64, 158, 0, 26924, 29.958
63, 155, 0, 27020, 29.965
63, 153, 0, 27260, 29.974
62, 151, 0, 27740, 29.981
62, 150, 0, 28076, 29.989
62, 149, 0, 28557, 29.996
62, 148, 0, 28749, 30.004
63, 148, 0, 28685, 30.012
63, 148, 0, 28717, 30.020
64, 148, 0, 28925, 30.027
65, 149, 0, 29181, 30.035
66, 150, 0, 29821, 30.042
67, 151, 0, 30301, 30.050
68, 153, 0, 30846, 30.058
69, 155, 0, 31086, 30.066
71, 157, 0, 31102, 30.073
72, 158, 0, 31070, 30.081
72, 160, 0, 31070, 30.089
73, 162, 0, 31022, 30.096
74, 164, 0, 30910, 30.104
74, 166, 0, 30141, 30.112
74, 167, 0, 28332, 30.119
74, 168, 0, 25387, 30.127
74, 169, 0, 20313, 30.135
74, 170, 0, 12453, 30.142
74, 170, 0, 0, 30.150
73, 170, 64, 0, 30.158
72, 170, 144, 0, 30.165
71, 170, 208, 0, 30.172
70, 169, 268, 0, 30.181
70, 168, 304, 0, 30.188
69, 167, 316, 0, 30.196
68, 166, 296, 0, 30.204
68, 165, 248, 0, 30.211
68, 163, 192, 0, 30.219
67, 162, 0, 0, 30.227
67, 160, 0, 0, 30.235
67, 158, 0, 22538, 30.242
67, 156, 0, 23562, 30.250
67, 155, 0, 26668, 30.257
67, 153, 0, 29453, 30.265
67, 151, 0, 31406, 30.273
68, 149, 0, 32542, 30.281
68, 148, 0, 32767, 30.288
68, 147, 0, 32767, 30.296
69, 145, 0, 32767, 30.304
69, 144, 0, 32767, 30.312
69, 144, 0, 32767, 30.319
70, 143, 0, 32767, 30.325
71, 143, 0, 31582, 30.334
71, 143, 0, 29405, 30.342
72, 143, 0, 26187, 30.350
73, 144, 0, 21321, 30.357
73, 145, 0, 15495, 30.365
74, 146, 0, 6546, 30.374
74, 146, 0, 0, 30.380
75, 148, 40, 0, 30.388
76, 149, 84, 0, 30.396
76, 151, 116, 0, 30.403
77, 152, 140, 0, 30.412
77, 153, 128, 0, 30.418
77, 154, 96, 0, 30.425
77, 155, 52, 0, 30.434
77, 155, 0, 0, 30.442
76, 155, 0, 0, 30.450
76, 155, 0, 0, 30.457
76, 154, 0, 20585, 30.465
75, 153, 0, 22714, 30.472
74, 152, 0, 25499, 30.480
74, 151, 0, 28012, 30.488
74, 149, 0, 29853, 30.494
73, 147, 0, 31070, 30.503
73, 146, 0, 32046, 30.511
73, 145, 0, 32767, 30.518
74, 144, 0, 32767, 30.526
74, 143, 0, 32767, 30.534
75, 143, 0, 32767, 30.541
75, 143, 0, 32767, 30.549
76, 144, 0, 32767, 30.557
77, 145, 0, 32767, 30.564
78, 146, 0, 32767, 30.572
78, 147, 0, 32526, 30.580
79, 148, 0, 31934, 30.587
79, 150, 0, 31246, 30.596
79, 151, 0, 30413, 30.602
79, 153, 0, 29277, 30.610
78, 154, 0, 28028, 30.617
78, 155, 0, 26908, 30.625
77, 156, 0, 25787, 30.633
77, 157, 0, 24107, 30.641
76, 157, 0, 22938, 30.648
76, 157, 0, 22826, 30.657
76, 157, 0, 23274, 30.663
76, 156, 0, 24123, 30.671
76, 155, 0, 25339, 30.678
76, 153, 0, 26700, 30.687
76, 152, 0, 28461, 30.695
76, 150, 0, 30109, 30.703
76, 149, 0, 31278, 30.710
77, 147, 0, 32254, 30.718
77, 146, 0, 32670, 30.725
78, 145, 0, 32767, 30.733
79, 144, 0, 32767, 30.741
80, 143, 0, 32767, 30.749
81, 143, 0, 32014, 30.756
82, 143, 0, 30093, 30.764
83, 143, 0, 27228, 30.771
84, 143, 0, 23978, 30.779
85, 144, 0, 20425, 30.787
86, 145, 0, 15943, 30.795
87, 147, 0, 10244, 30.801
88, 148, 0, 1712, 30.809
88, 148, 0, 0, 30.818
89, 151, 0, 0, 30.825
89, 152, 0, 0, 30.833
89, 153, 0, 0, 30.841
89, 153, 0, 0, 30.847
89, 153, 0, 0, 30.855
89, 153, 0, 19881, 30.863
89, 152, 0, 22522, 30.870
88, 151, 0, 25867, 30.878
88, 150, 0, 27916, 30.887
88, 148, 0, 29277, 30.894
88, 147, 0, 30541, 30.902
88, 145, 0, 31470, 30.910
88, 144, 0, 32478, 30.917
88, 143, 0, 32767, 30.925
87, 142, 0, 32767, 30.933
87, 141, 0, 32767, 30.940
87, 140, 0, 32767, 30.948
86, 140, 0, 32767, 30.956
86, 140, 0, 32767, 30.964
85, 140, 0, 32767, 30.971
84, 140, 0, 32767, 30.979
84, 140, 0, 32767, 30.986
83, 140, 0, 32767, 30.994
82, 141, 0, 32062, 31.002
82, 142, 0, 30077, 31.009
82, 143, 0, 26604, 31.017
82, 144, 0, 21609, 31.025
83, 145, 0, 15975, 31.032
83, 146, 0, 10372, 31.039
84, 147, 0, 3473, 31.047
84, 147, 0, 0, 31.055
86, 149, 0, 0, 31.062
86, 149, 0, 0, 31.070
87, 150, 0, 0, 31.078
87, 150, 0, 0, 31.086
88, 150, 0, 8211, 31.093
88, 150, 0, 11701, 31.101
88, 150, 0, 16951, 31.108
89, 149, 0, 21673, 31.116
89, 148, 0, 25035, 31.125
89, 146, 0, 27772, 31.133
89, 145, 0, 29901, 31.140
89, 144, 0, 31534, 31.147
89, 143, 0, 32478, 31.154
89, 142, 0, 32767, 31.162
89, 142, 0, 32767, 31.171
90, 142, 0, 32767, 31.178
90, 142, 0, 32734, 31.186
91, 143, 0, 32462, 31.193
92, 144, 0, 32110, 31.202
92, 144, 0, 31710, 31.209
93, 145, 0, 31326, 31.217
94, 146, 0, 31150, 31.224
94, 146, 0, 31102, 31.232
95, 146, 0, 31086, 31.239
95, 146, 0, 31102, 31.247
95, 146, 0, 31326, 31.255
95, 145, 0, 31646, 31.263
95, 144, 0, 31934, 31.270
95, 143, 0, 32558, 31.277
96, 142, 0, 32767, 31.285
96, 141, 0, 32767, 31.292
97, 141, 0, 32767, 31.301
97, 141, 0, 32767, 31.309
98, 141, 0, 32767, 31.316
99, 141, 0, 32767, 31.325
101, 141, 0, 32686, 31.332
102, 141, 0, 32606, 31.340
103, 142, 0, 32558, 31.346
105, 142, 0, 32574, 31.355
106, 142, 0, 32462, 31.363
108, 142, 0, 32366, 31.370
109, 142, 0, 32430, 31.378
111, 141, 0, 32734, 31.386
112, 141, 0, 32767, 31.393
114, 141, 0, 32767, 31.401
116, 141, 0, 31870, 31.408
117, 141, 0, 27004, 31.416
119, 142, 0, 14134, 31.424
119, 142, 0, 0, 31.433
122, 142, 196, 0, 31.439
123, 142, 429, 0, 31.447
124, 142, 641, 0, 31.454
124, 142, 822, 0, 31.462
124, 142, 954, 0, 31.470
124, 142, 1023, 0, 31.476
124, 142, 1023, 0, 31.489
124, 142, 1023, 0, 31.498
124, 142, 1023, 0, 31.515
124, 142, 1023, 0, 31.520
124, 142, 1023, 0, 31.527
124, 142, 1023, 0, 31.535
124, 142, 1023, 0, 31.540
124, 142, 1023, 0, 31.548
124, 142, 1023, 0, 31.555
124, 142, 1023, 0, 31.561
124, 142, 1023, 0, 31.568
124, 142, 1023, 0, 31.575
124, 142, 1023, 0, 31.581
