48, 160, 1023, 0, 50.967
48, 161, 806, 0, 50.968
48, 162, 758, 0, 50.969
48, 163, 698, 0, 50.970
48, 163, 641, 0, 50.977
48, 164, 593, 0, 50.985
48, 165, 545, 0, 50.994
48, 166, 461, 0, 51.002
48, 168, 365, 0, 51.009
48, 169, 272, 0, 51.016
48, 169, 164, 0, 51.025
48, 170, 44, 0, 51.032
48, 170, 0, 0, 51.040
48, 170, 0, 0, 51.048
48, 170, 0, 0, 51.055
48, 169, 0, 18056, 51.063
48, 167, 0, 18056, 51.072
48, 166, 0, 18328, 51.079
48, 164, 0, 18936, 51.086
47, 161, 0, 19640, 51.094
47, 158, 0, 20537, 51.101
47, 155, 0, 21593, 51.109
46, 152, 0, 22618, 51.117
46, 149, 0, 23354, 51.124
45, 146, 0, 23642, 51.133
44, 143, 0, 23882, 51.141
43, 141, 0, 24171, 51.148
42, 138, 0, 24251, 51.155
41, 137, 0, 24219, 51.163
40, 135, 0, 24059, 51.170
40, 135, 0, 23770, 51.178
39, 134, 0, 23098, 51.186
38, 134, 0, 21978, 51.194
37, 135, 0, 20905, 51.202
37, 136, 0, 19689, 51.209
36, 137, 0, 18472, 51.216
35, 138, 0, 17944, 51.225
35, 140, 0, 17864, 51.233
35, 141, 0, 17880, 51.239
35, 143, 0, 17880, 51.248
36, 144, 0, 17896, 51.255
37, 144, 0, 17976, 51.262
38, 145, 0, 18248, 51.270
39, 145, 0, 19064, 51.278
41, 144, 0, 20281, 51.285
42, 144, 0, 21561, 51.293
44, 143, 0, 22474, 51.302
46, 142, 0, 23562, 51.308
48, 140, 0, 24331, 51.316
49, 139, 0, 24987, 51.325
51, 138, 0, 25531, 51.332
52, 137, 0, 25739, 51.339
54, 136, 0, 25995, 51.347
55, 135, 0, 26107, 51.355
56, 135, 0, 26075, 51.362
58, 135, 0, 25755, 51.370
58, 135, 0, 24507, 51.378
59, 135, 0, 22154, 51.385
59, 136, 0, 18696, 51.393
59, 137, 0, 12949, 51.402
59, 138, 0, 3169, 51.408
59, 138, 0, 0, 51.417
57, 141, 96, 0, 51.423
56, 142, 208, 0, 51.431
54, 144, 308, 0, 51.439
53, 146, 389, 0, 51.448
51, 147, 433, 0, 51.454
49, 149, 453, 0, 51.463
47, 150, 453, 0, 51.470
45, 151, 421, 0, 51.477
43, 151, 365, 0, 51.485
42, 152, 276, 0, 51.493
41, 152, 164, 0, 51.500
41, 151, 52, 0, 51.508
40, 151, 0, 0, 51.516
40, 151, 0, 0, 51.525
40, 151, 0, 21257, 51.531
40, 151, 0, 20457, 51.539
42, 150, 0, 20377, 51.547
43, 150, 0, 21305, 51.555
44, 149, 0, 22986, 51.563
46, 149, 0, 25051, 51.570
48, 149, 0, 26428, 51.577
50, 148, 0, 27548, 51.585
52, 148, 0, 28220, 51.593
54, 148, 0, 28797, 51.600
56, 148, 0, 29117, 51.608
58, 148, 0, 29245, 51.616
60, 149, 0, 29165, 51.623
62, 149, 0, 29085, 51.632
63, 149, 0, 28621, 51.639
64, 149, 0, 27036, 51.646
65, 150, 0, 24459, 51.654
66, 150, 0, 20953, 51.662
66, 150, 0, 15911, 51.669
67, 151, 0, 8483, 51.677
67, 151, 0, 0, 51.685
66, 152, 40, 0, 51.691
65, 152, 84, 0, 51.700
65, 152, 116, 0, 51.707
64, 153, 116, 0, 51.716
63, 153, 84, 0, 51.723
62, 153, 32, 0, 51.731
62, 152, 0, 0, 51.738
61, 151, 0, 0, 51.746
61, 149, 0, 0, 51.754
60, 147, 0, 0, 51.762
60, 145, 0, 18984, 51.769
60, 142, 0, 20105, 51.776
60, 140, 0, 22234, 51.784
60, 138, 0, 24331, 51.792
60, 136, 0, 25467, 51.799
61, 135, 0, 26252, 51.807
61, 134, 0, 26556, 51.815
62, 134, 0, 26604, 51.823
63, 134, 0, 26572, 51.830
64, 134, 0, 26540, 51.838
64, 135, 0, 26476, 51.846
65, 136, 0, 26460, 51.853
66, 138, 0, 26460, 51.861
66, 140, 0, 26492, 51.869
67, 141, 0, 26171, 51.875
67, 143, 0, 25675, 51.884
67, 145, 0, 25227, 51.892
67, 146, 0, 25019, 51.900
67, 147, 0, 24843, 51.907
67, 147, 0, 24795, 51.914
67, 147, 0, 25323, 51.922
67, 146, 0, 26075, 51.930
67, 145, 0, 26316, 51.937
67, 144, 0, 26636, 51.945
67, 142, 0, 26764, 51.953
67, 141, 0, 27260, 51.961
67, 140, 0, 28028, 51.969
67, 139, 0, 28493, 51.977
67, 138, 0, 28525, 51.984
67, 138, 0, 28300, 51.992
68, 139, 0, 28108, 51.999
68, 139, 0, 28012, 52.007
69, 140, 0, 27852, 52.014
69, 142, 0, 27772, 52.023
70, 143, 0, 27596, 52.030
70, 145, 0, 27372, 52.037
71, 147, 0, 27212, 52.044
71, 149, 0, 27132, 52.054
72, 151, 0, 27244, 52.062
72, 154, 0, 27260, 52.069
72, 157, 0, 27244, 52.076
72, 159, 0, 26364, 52.083
72, 162, 0, 25931, 52.091
72, 164, 0, 25819, 52.098
72, 166, 0, 25867, 52.107
72, 168, 0, 25707, 52.114
72, 168, 0, 25579, 52.121
72, 169, 0, 25419, 52.130
72, 169, 0, 25419, 52.137
72, 169, 0, 25739, 52.145
72, 168, 0, 25835, 52.153
72, 167, 0, 25819, 52.159
72, 165, 0, 25835, 52.168
71, 163, 0, 25851, 52.176
71, 160, 0, 25739, 52.183
70, 157, 0, 25787, 52.191
70, 154, 0, 25883, 52.200
69, 150, 0, 26155, 52.207
69, 148, 0, 26268, 52.214
69, 145, 0, 26492, 52.222
69, 143, 0, 26908, 52.230
69, 142, 0, 27116, 52.238
69, 141, 0, 27324, 52.245
69, 140, 0, 27372, 52.253
70, 140, 0, 27100, 52.260
70, 141, 0, 27068, 52.269
71, 142, 0, 27084, 52.275
72, 143, 0, 27212, 52.284
73, 144, 0, 27260, 52.291
74, 146, 0, 27356, 52.299
75, 148, 0, 27484, 52.307
76, 150, 0, 27580, 52.314
77, 152, 0, 27708, 52.322
77, 155, 0, 27916, 52.329
78, 157, 0, 27804, 52.337
78, 160, 0, 27596, 52.344
79, 162, 0, 26780, 52.351
79, 165, 0, 25403, 52.359
79, 166, 0, 23210, 52.367
79, 168, 0, 20425, 52.374
78, 168, 0, 15847, 52.384
78, 169, 0, 9636, 52.391
78, 169, 0, 0, 52.398
77, 168, 0, 0, 52.407
76, 168, 40, 0, 52.415
75, 167, 88, 0, 52.421
75, 166, 128, 0, 52.430
74, 164, 160, 0, 52.438
74, 163, 148, 0, 52.444
73, 161, 108, 0, 52.452
73, 159, 48, 0, 52.458
73, 156, 0, 0, 52.467
73, 154, 0, 0, 52.476
73, 151, 0, 21561, 52.483
74, 149, 0, 22698, 52.490
74, 146, 0, 24139, 52.498
75, 144, 0, 25563, 52.507
75, 141, 0, 26844, 52.514
76, 140, 0, 27420, 52.521
76, 138, 0, 27644, 52.529
77, 137, 0, 27596, 52.536
77, 136, 0, 27324, 52.544
78, 136, 0, 25851, 52.552
78, 136, 0, 23226, 52.558
79, 137, 0, 20121, 52.568
80, 138, 0, 16455, 52.575
80, 139, 0, 11973, 52.583
80, 140, 0, 6418, 52.591
80, 140, 0, 0, 52.599
81, 143, 40, 0, 52.605
81, 145, 60, 0, 52.613
81, 147, 92, 0, 52.621
80, 148, 112, 0, 52.629
80, 150, 124, 0, 52.636
80, 151, 92, 0, 52.644
79, 151, 60, 0, 52.652
79, 151, 0, 0, 52.659
79, 150, 0, 0, 52.667
79, 149, 0, 16103, 52.674
79, 147, 0, 17960, 52.682
79, 145, 0, 20521, 52.691
79, 143, 0, 23162, 52.697
79, 141, 0, 25515, 52.706
79, 139, 0, 27068, 52.714
80, 138, 0, 28236, 52.721
80, 137, 0, 28829, 52.728
80, 137, 0, 28845, 52.737
81, 137, 0, 28765, 52.744
81, 137, 0, 28589, 52.751
82, 138, 0, 28445, 52.759
82, 139, 0, 28429, 52.766
83, 141, 0, 28268, 52.774
83, 143, 0, 27548, 52.782
83, 144, 0, 26876, 52.789
83, 146, 0, 26171, 52.797
83, 148, 0, 25579, 52.805
82, 149, 0, 25019, 52.813
82, 151, 0, 23914, 52.819
81, 152, 0, 22794, 52.828
81, 153, 0, 22170, 52.836
80, 154, 0, 22042, 52.842
80, 154, 0, 22106, 52.850
80, 153, 0, 22298, 52.858
80, 152, 0, 22602, 52.866
80, 151, 0, 23242, 52.874
81, 149, 0, 24203, 52.882
81, 147, 0, 25563, 52.889
82, 144, 0, 27164, 52.898
82, 142, 0, 28605, 52.906
83, 140, 0, 29677, 52.913
83, 138, 0, 30349, 52.921
84, 137, 0, 30670, 52.928
85, 136, 0, 30525, 52.935
85, 135, 0, 30173, 52.943
86, 134, 0, 28284, 52.952
87, 134, 0, 25211, 52.958
87, 134, 0, 20857, 52.966
88, 135, 0, 14166, 52.974
88, 136, 0, 3313, 52.982
88, 136, 0, 0, 52.989
88, 138, 72, 0, 52.997
88, 139, 160, 0, 53.005
88, 141, 236, 0, 53.012
88, 142, 280, 0, 53.020
87, 144, 300, 0, 53.027
87, 146, 300, 0, 53.035
87, 147, 268, 0, 53.042
87, 148, 192, 0, 53.050
87, 149, 116, 0, 53.058
86, 149, 40, 0, 53.067
86, 149, 0, 0, 53.073
86, 148, 0, 0, 53.081
86, 147, 0, 20361, 53.088
86, 146, 0, 20889, 53.096
87, 144, 0, 22074, 53.104
87, 142, 0, 23706, 53.112
87, 141, 0, 25483, 53.120
88, 139, 0, 26844, 53.128
88, 137, 0, 27660, 53.136
88, 136, 0, 28300, 53.143
89, 135, 0, 28973, 53.150
89, 135, 0, 29325, 53.157
89, 135, 0, 29597, 53.166
89, 134, 0, 29837, 53.175
89, 134, 0, 29917, 53.181
88, 134, 0, 29853, 53.189
88, 135, 0, 29821, 53.196
87, 135, 0, 29821, 53.204
86, 136, 0, 29565, 53.212
86, 136, 0, 27964, 53.219
85, 137, 0, 25579, 53.227
84, 138, 0, 22874, 53.235
84, 140, 0, 20441, 53.242
84, 141, 0, 15431, 53.250
84, 142, 0, 8211, 53.257
84, 142, 0, 0, 53.265
85, 144, 8, 0, 53.272
86, 145, 20, 0, 53.281
86, 146, 20, 0, 53.288
87, 147, 0, 0, 53.296
88, 147, 0, 0, 53.304
89, 147, 0, 0, 53.311
90, 147, 0, 0, 53.320
90, 147, 0, 12181, 53.327
90, 147, 0, 16167, 53.334
91, 146, 0, 20393, 53.341
91, 145, 0, 24059, 53.350
92, 144, 0, 26268, 53.357
92, 143, 0, 28124, 53.365
92, 141, 0, 29565, 53.373
92, 140, 0, 30686, 53.381
92, 139, 0, 31806, 53.389
93, 138, 0, 32158, 53.396
93, 138, 0, 32126, 53.404
93, 138, 0, 31854, 53.411
94, 139, 0, 31454, 53.419
94, 139, 0, 31006, 53.425
95, 140, 0, 30461, 53.434
96, 142, 0, 29901, 53.441
96, 143, 0, 29597, 53.449
97, 144, 0, 29469, 53.457
97, 144, 0, 29437, 53.465
97, 145, 0, 29469, 53.472
98, 145, 0, 29485, 53.480
98, 144, 0, 29837, 53.488
98, 143, 0, 30477, 53.494
98, 143, 0, 31038, 53.504
99, 142, 0, 31582, 53.512
99, 141, 0, 32094, 53.519
100, 141, 0, 32286, 53.526
100, 140, 0, 32142, 53.534
101, 140, 0, 32142, 53.542
101, 140, 0, 32110, 53.550
102, 139, 0, 32094, 53.557
103, 139, 0, 32078, 53.565
103, 138, 0, 31918, 53.573
104, 137, 0, 31390, 53.580
104, 136, 0, 29757, 53.587
105, 135, 0, 25819, 53.596
105, 135, 0, 18008, 53.603
105, 135, 0, 0, 53.611
107, 134, 160, 0, 53.617
108, 134, 341, 0, 53.627
108, 134, 549, 0, 53.635
109, 135, 734, 0, 53.641
109, 135, 870, 0, 53.650
109, 135, 974, 0, 53.662
109, 135, 1023, 0, 53.671
109, 135, 1023, 0, 53.686
109, 135, 1023, 0, 53.693
109, 135, 1023, 0, 53.699
109, 135, 1023, 0, 53.706
109, 135, 1023, 0, 53.713
109, 135, 1023, 0, 53.720
109, 135, 1023, 0, 53.726
109, 135, 1023, 0, 53.733
109, 135, 1023, 0, 53.738
109, 135, 1023, 0, 53.747
109, 135, 1023, 0, 53.753
