59, 159, 1023, 0, 23.121
59, 159, 1023, 0, 23.122
59, 159, 1023, 0, 23.122
58, 159, 1023, 0, 23.130
58, 158, 1023, 0, 23.139
58, 158, 1023, 0, 23.145
57, 158, 1023, 0, 23.153
57, 158, 1023, 0, 23.161
56, 158, 1023, 0, 23.168
56, 158, 1023, 0, 23.176
55, 157, 1023, 0, 23.185
55, 157, 1023, 0, 23.191
54, 157, 1023, 0, 23.200
54, 157, 1023, 0, 23.207
54, 157, 1023, 0, 23.214
54, 157, 1023, 0, 23.222
53, 157, 1023, 0, 23.230
53, 157, 1023, 0, 23.237
53, 157, 1023, 0, 23.245
53, 157, 1023, 0, 23.253
53, 158, 1023, 0, 23.261
53, 158, 1023, 0, 23.269
53, 158, 1010, 0, 23.276
53, 159, 986, 0, 23.283
53, 160, 962, 0, 23.292
53, 160, 938, 0, 23.298
53, 161, 902, 0, 23.307
53, 161, 866, 0, 23.314
53, 162, 818, 0, 23.321
53, 163, 770, 0, 23.330
52, 163, 698, 0, 23.337
52, 164, 617, 0, 23.345
52, 165, 521, 0, 23.353
52, 166, 425, 0, 23.360
52, 167, 320, 0, 23.368
52, 167, 212, 0, 23.376
52, 168, 116, 0, 23.383
52, 169, 20, 0, 23.391
52, 169, 0, 0, 23.399
52, 170, 0, 0, 23.406
52, 170, 0, 0, 23.415
52, 170, 0, 0, 23.422
51, 170, 0, 0, 23.429
51, 170, 0, 0, 23.437
51, 170, 0, 9620, 23.445
51, 170, 0, 10324, 23.452
51, 170, 0, 11541, 23.460
51, 170, 0, 11701, 23.468
51, 169, 0, 11813, 23.475
51, 167, 0, 12917, 23.483
52, 166, 0, 14582, 23.491
52, 164, 0, 15767, 23.498
52, 161, 0, 16503, 23.506
52, 159, 0, 17175, 23.514
52, 157, 0, 17480, 23.522
52, 154, 0, 17816, 23.529
52, 152, 0, 18312, 23.537
52, 149, 0, 18760, 23.544
52, 147, 0, 19176, 23.553
51, 145, 0, 19480, 23.560
51, 143, 0, 19945, 23.568
50, 142, 0, 20137, 23.575
49, 141, 0, 20313, 23.583
49, 140, 0, 20457, 23.590
48, 139, 0, 20569, 23.597
47, 139, 0, 20569, 23.606
47, 139, 0, 20265, 23.613
46, 140, 0, 19096, 23.621
45, 140, 0, 18168, 23.629
45, 141, 0, 17576, 23.637
44, 142, 0, 16775, 23.644
44, 144, 0, 16135, 23.652
44, 145, 0, 15975, 23.661
44, 146, 0, 15911, 23.667
44, 147, 0, 15847, 23.675
45, 148, 0, 15767, 23.683
45, 149, 0, 15751, 23.690
46, 149, 0, 15799, 23.698
47, 149, 0, 16119, 23.705
49, 149, 0, 16679, 23.713
50, 148, 0, 17640, 23.721
51, 148, 0, 18664, 23.728
53, 147, 0, 19801, 23.736
54, 146, 0, 20569, 23.743
56, 144, 0, 21145, 23.752
57, 143, 0, 21705, 23.758
59, 142, 0, 21946, 23.766
60, 141, 0, 22122, 23.774
62, 141, 0, 22250, 23.782
63, 140, 0, 22298, 23.790
64, 140, 0, 22378, 23.797
65, 140, 0, 22378, 23.805
65, 140, 0, 22298, 23.813
66, 141, 0, 21337, 23.821
66, 141, 0, 19304, 23.828
66, 142, 0, 16759, 23.837
66, 143, 0, 12133, 23.844
66, 144, 0, 3329, 23.851
66, 144, 0, 0, 23.859
63, 147, 40, 0, 23.867
62, 148, 84, 0, 23.874
60, 150, 152, 0, 23.882
58, 151, 216, 0, 23.891
56, 153, 260, 0, 23.898
55, 154, 284, 0, 23.906
53, 155, 272, 0, 23.913
52, 155, 228, 0, 23.922
51, 156, 128, 0, 23.928
50, 156, 8, 0, 23.936
49, 156, 0, 0, 23.943
49, 156, 0, 0, 23.952
49, 156, 0, 0, 23.959
49, 156, 0, 16679, 23.966
49, 156, 0, 16999, 23.974
49, 156, 0, 16679, 23.982
50, 156, 0, 17031, 23.990
50, 157, 0, 18664, 23.997
51, 157, 0, 20601, 24.005
53, 157, 0, 22234, 24.013
54, 157, 0, 23306, 24.021
56, 157, 0, 24251, 24.028
57, 157, 0, 24891, 24.035
59, 157, 0, 25195, 24.043
60, 157, 0, 25275, 24.051
62, 157, 0, 25275, 24.059
63, 157, 0, 25227, 24.066
64, 157, 0, 24715, 24.074
65, 157, 0, 22730, 24.082
66, 157, 0, 18568, 24.088
67, 157, 0, 11589, 24.096
67, 157, 0, 0, 24.106
68, 157, 0, 0, 24.112
68, 157, 56, 0, 24.120
68, 158, 120, 0, 24.128
68, 158, 168, 0, 24.136
68, 158, 200, 0, 24.142
67, 158, 200, 0, 24.151
67, 158, 176, 0, 24.158
66, 158, 132, 0, 24.166
66, 158, 56, 0, 24.174
65, 158, 0, 0, 24.181
65, 158, 0, 0, 24.189
64, 157, 0, 0, 24.197
64, 156, 0, 0, 24.204
63, 155, 0, 12261, 24.213
63, 154, 0, 13798, 24.220
63, 153, 0, 15991, 24.227
62, 151, 0, 18008, 24.235
62, 149, 0, 19897, 24.243
62, 147, 0, 21273, 24.252
62, 146, 0, 22250, 24.258
62, 144, 0, 22778, 24.266
62, 143, 0, 23034, 24.273
63, 142, 0, 23050, 24.281
63, 142, 0, 22842, 24.289
64, 142, 0, 22746, 24.296
65, 143, 0, 22618, 24.305
66, 144, 0, 22586, 24.312
67, 145, 0, 22490, 24.319
67, 146, 0, 22346, 24.327
68, 147, 0, 22186, 24.335
68, 148, 0, 21978, 24.342
68, 149, 0, 21785, 24.350
69, 150, 0, 21545, 24.358
69, 150, 0, 21609, 24.366
68, 150, 0, 22154, 24.372
68, 149, 0, 22282, 24.381
68, 148, 0, 22410, 24.390
68, 147, 0, 22762, 24.396
68, 145, 0, 23162, 24.403
68, 144, 0, 23882, 24.412
68, 143, 0, 24763, 24.419
68, 141, 0, 25579, 24.427
68, 141, 0, 25787, 24.436
69, 141, 0, 25627, 24.442
69, 141, 0, 25499, 24.450
70, 142, 0, 25371, 24.458
71, 143, 0, 25371, 24.464
72, 145, 0, 25419, 24.474
72, 147, 0, 25435, 24.481
73, 149, 0, 25499, 24.488
74, 151, 0, 25563, 24.496
75, 153, 0, 25595, 24.505
75, 156, 0, 25803, 24.512
76, 159, 0, 25707, 24.519
76, 162, 0, 25659, 24.527
77, 164, 0, 25355, 24.533
78, 167, 0, 25147, 24.541
78, 169, 0, 24907, 24.551
79, 170, 0, 24587, 24.557
79, 171, 0, 24411, 24.565
79, 172, 0, 24315, 24.573
79, 172, 0, 24331, 24.581
79, 172, 0, 24523, 24.589
79, 172, 0, 24571, 24.597
78, 171, 0, 24507, 24.604
78, 169, 0, 24491, 24.611
77, 167, 0, 24459, 24.619
77, 165, 0, 24507, 24.626
76, 162, 0, 24539, 24.635
75, 159, 0, 24411, 24.642
74, 155, 0, 24395, 24.649
73, 152, 0, 24475, 24.657
72, 149, 0, 24715, 24.666
72, 146, 0, 24907, 24.674
72, 144, 0, 25355, 24.680
72, 143, 0, 25611, 24.689
72, 142, 0, 25691, 24.696
72, 142, 0, 25707, 24.704
73, 142, 0, 25691, 24.711
74, 143, 0, 26043, 24.718
75, 144, 0, 26668, 24.726
76, 146, 0, 27420, 24.734
77, 148, 0, 28188, 24.741
78, 151, 0, 28909, 24.750
79, 153, 0, 29485, 24.757
80, 156, 0, 29997, 24.765
81, 158, 0, 30013, 24.772
82, 161, 0, 29885, 24.780
83, 163, 0, 29949, 24.789
84, 166, 0, 29725, 24.795
84, 168, 0, 29357, 24.803
85, 169, 0, 28252, 24.811
85, 170, 0, 26300, 24.818
85, 171, 0, 23530, 24.826
84, 171, 0, 20089, 24.834
84, 171, 0, 14998, 24.842
83, 170, 0, 7267, 24.849
83, 170, 0, 0, 24.857
82, 168, 36, 0, 24.864
81, 166, 72, 0, 24.872
80, 165, 96, 0, 24.881
80, 162, 108, 0, 24.888
79, 160, 0, 0, 24.895
79, 158, 0, 0, 24.903
79, 155, 0, 16647, 24.910
78, 152, 0, 19961, 24.918
78, 149, 0, 22954, 24.926
78, 147, 0, 25355, 24.933
78, 144, 0, 26972, 24.941
78, 142, 0, 27932, 24.950
78, 141, 0, 28284, 24.957
78, 140, 0, 28396, 24.965
79, 139, 0, 28445, 24.972
79, 139, 0, 27996, 24.979
80, 139, 0, 26636, 24.987
81, 140, 0, 24139, 24.996
82, 141, 0, 20873, 25.003
82, 142, 0, 16871, 25.009
83, 144, 0, 11349, 25.018
84, 146, 0, 5890, 25.024
84, 146, 0, 0, 25.033
85, 149, 0, 0, 25.042
85, 150, 0, 0, 25.048
85, 151, 0, 0, 25.055
85, 152, 0, 0, 25.063
85, 153, 0, 0, 25.072
85, 153, 0, 0, 25.079
84, 152, 0, 14230, 25.087
84, 150, 0, 15799, 25.094
83, 149, 0, 18968, 25.102
83, 147, 0, 21721, 25.110
82, 145, 0, 24299, 25.117
82, 143, 0, 26860, 25.125
82, 141, 0, 28589, 25.133
82, 140, 0, 29437, 25.141
83, 139, 0, 29597, 25.148
84, 139, 0, 29581, 25.156
84, 139, 0, 29501, 25.165
85, 140, 0, 29517, 25.171
86, 141, 0, 29421, 25.179
86, 143, 0, 29357, 25.186
87, 144, 0, 29405, 25.194
88, 146, 0, 29325, 25.202
88, 148, 0, 29245, 25.210
88, 149, 0, 28829, 25.217
88, 151, 0, 28140, 25.225
88, 153, 0, 27084, 25.233
87, 154, 0, 25915, 25.240
87, 155, 0, 24411, 25.248
87, 156, 0, 22986, 25.256
86, 156, 0, 21898, 25.263
86, 156, 0, 21033, 25.271
86, 156, 0, 20537, 25.279
85, 155, 0, 20233, 25.286
85, 155, 0, 20297, 25.294
85, 153, 0, 20745, 25.302
85, 152, 0, 21625, 25.309
86, 150, 0, 23562, 25.316
86, 148, 0, 25851, 25.326
87, 146, 0, 27756, 25.333
87, 144, 0, 29261, 25.340
88, 142, 0, 30333, 25.347
88, 140, 0, 30830, 25.356
89, 139, 0, 30926, 25.364
90, 138, 0, 30942, 25.371
91, 137, 0, 30894, 25.379
92, 137, 0, 29997, 25.387
92, 137, 0, 27340, 25.395
93, 137, 0, 22986, 25.402
94, 138, 0, 17704, 25.409
94, 139, 0, 9588, 25.417
94, 139, 0, 0, 25.425
95, 142, 40, 0, 25.433
95, 144, 100, 0, 25.441
96, 146, 128, 0, 25.447
96, 147, 120, 0, 25.455
96, 149, 88, 0, 25.462
95, 151, 28, 0, 25.472
95, 152, 0, 0, 25.478
95, 152, 0, 0, 25.486
94, 153, 0, 0, 25.494
94, 153, 0, 0, 25.501
93, 152, 0, 21097, 25.510
93, 151, 0, 23930, 25.517
93, 150, 0, 25851, 25.524
93, 149, 0, 27292, 25.532
93, 147, 0, 28749, 25.541
93, 146, 0, 29709, 25.548
93, 145, 0, 30445, 25.555
94, 144, 0, 30974, 25.564
94, 143, 0, 31214, 25.570
95, 142, 0, 31342, 25.577
95, 142, 0, 31422, 25.585
96, 141, 0, 31502, 25.592
96, 141, 0, 31518, 25.600
96, 141, 0, 31598, 25.608
96, 141, 0, 31662, 25.616
96, 141, 0, 32030, 25.624
96, 141, 0, 32398, 25.632
95, 141, 0, 32494, 25.639
94, 141, 0, 32558, 25.647
93, 141, 0, 32494, 25.655
93, 141, 0, 31838, 25.663
92, 141, 0, 30445, 25.670
92, 142, 0, 28557, 25.677
92, 142, 0, 26043, 25.685
92, 143, 0, 22586, 25.692
92, 144, 0, 18408, 25.701
93, 145, 0, 13222, 25.708
93, 145, 0, 8195, 25.717
94, 146, 0, 1312, 25.724
94, 146, 0, 0, 25.732
96, 148, 0, 0, 25.739
97, 149, 0, 0, 25.747
97, 150, 0, 0, 25.755
98, 151, 0, 0, 25.764
99, 151, 0, 10836, 25.771
99, 151, 0, 15158, 25.778
99, 151, 0, 18280, 25.786
100, 151, 0, 20361, 25.793
100, 151, 0, 22202, 25.800
100, 150, 0, 24475, 25.808
100, 149, 0, 26572, 25.817
100, 147, 0, 28348, 25.824
100, 146, 0, 29549, 25.831
100, 144, 0, 30205, 25.839
100, 143, 0, 30846, 25.845
100, 141, 0, 31406, 25.854
100, 140, 0, 31646, 25.861
100, 139, 0, 31854, 25.868
100, 138, 0, 31934, 25.876
100, 138, 0, 31854, 25.885
100, 138, 0, 31806, 25.892
101, 138, 0, 31294, 25.900
101, 139, 0, 30557, 25.908
101, 140, 0, 29885, 25.916
102, 141, 0, 28797, 25.925
102, 142, 0, 27868, 25.931
103, 143, 0, 26956, 25.938
103, 144, 0, 26396, 25.946
103, 144, 0, 26220, 25.954
104, 145, 0, 25979, 25.963
104, 145, 0, 25915, 25.969
104, 144, 0, 25771, 25.977
104, 144, 0, 26524, 25.985
104, 143, 0, 27948, 25.993
104, 141, 0, 29405, 26.000
104, 140, 0, 30397, 26.008
105, 139, 0, 31374, 26.015
105, 138, 0, 31806, 26.025
106, 137, 0, 31918, 26.031
107, 137, 0, 31790, 26.038
107, 136, 0, 31806, 26.047
109, 136, 0, 31886, 26.055
110, 136, 0, 32062, 26.061
111, 136, 0, 32638, 26.069
112, 136, 0, 32767, 26.076
112, 135, 0, 32767, 26.084
113, 135, 0, 32767, 26.092
114, 134, 0, 32767, 26.100
115, 134, 0, 30686, 26.107
115, 134, 0, 26812, 26.115
116, 134, 0, 20473, 26.123
117, 134, 0, 7155, 26.130
117, 134, 0, 0, 26.139
118, 134, 136, 0, 26.146
119, 134, 308, 0, 26.154
120, 134, 497, 0, 26.162
121, 135, 686, 0, 26.170
122, 136, 834, 0, 26.178
122, 136, 946, 0, 26.184
122, 136, 1023, 0, 26.197
122, 136, 1023, 0, 26.205
122, 136, 1023, 0, 26.220
122, 136, 1023, 0, 26.228
122, 136, 1023, 0, 26.235
122, 136, 1023, 0, 26.241
122, 136, 1023, 0, 26.248
122, 136, 1023, 0, 26.255
122, 136, 1023, 0, 26.261
122, 136, 1023, 0, 26.269
122, 136, 1023, 0, 26.275
122, 136, 1023, 0, 26.281
122, 136, 1023, 0, 26.288
