47, 170, 986, 0, 51.228
47, 170, 457, 0, 51.230
47, 171, 401, 0, 51.230
47, 172, 345, 0, 51.235
47, 172, 288, 0, 51.243
47, 172, 212, 0, 51.250
46, 173, 144, 0, 51.259
46, 174, 32, 0, 51.266
46, 175, 0, 0, 51.274
46, 175, 0, 0, 51.282
45, 175, 0, 14902, 51.290
45, 175, 0, 15335, 51.297
45, 175, 0, 15767, 51.305
45, 175, 0, 16167, 51.312
45, 174, 0, 16263, 51.321
45, 173, 0, 16887, 51.328
46, 171, 0, 18216, 51.336
46, 170, 0, 19673, 51.343
46, 167, 0, 20793, 51.352
46, 165, 0, 21705, 51.359
46, 163, 0, 22586, 51.366
46, 160, 0, 23130, 51.374
46, 158, 0, 23690, 51.381
45, 155, 0, 24315, 51.389
45, 153, 0, 25035, 51.397
44, 151, 0, 25611, 51.404
44, 150, 0, 25771, 51.413
43, 149, 0, 25803, 51.420
42, 148, 0, 25787, 51.428
42, 147, 0, 25755, 51.435
41, 147, 0, 25307, 51.443
40, 147, 0, 23914, 51.451
39, 147, 0, 22426, 51.459
38, 148, 0, 21369, 51.466
37, 148, 0, 20633, 51.473
36, 149, 0, 20153, 51.480
36, 149, 0, 19849, 51.490
35, 150, 0, 19817, 51.497
36, 150, 0, 19833, 51.504
36, 151, 0, 19753, 51.513
37, 151, 0, 20025, 51.520
38, 151, 0, 20889, 51.527
39, 151, 0, 21914, 51.535
41, 151, 0, 22954, 51.543
43, 150, 0, 24187, 51.550
44, 150, 0, 25179, 51.558
46, 150, 0, 26171, 51.567
48, 149, 0, 26780, 51.574
50, 149, 0, 27276, 51.581
51, 149, 0, 27756, 51.590
53, 148, 0, 27996, 51.596
54, 148, 0, 28076, 51.604
55, 148, 0, 28060, 51.612
57, 149, 0, 27676, 51.619
57, 149, 0, 25915, 51.627
58, 150, 0, 22298, 51.635
58, 150, 0, 16231, 51.642
58, 151, 0, 3025, 51.650
58, 151, 0, 0, 51.658
57, 153, 96, 0, 51.665
55, 155, 196, 0, 51.673
54, 156, 296, 0, 51.682
52, 157, 381, 0, 51.689
51, 159, 437, 0, 51.696
49, 160, 461, 0, 51.704
47, 161, 461, 0, 51.712
46, 162, 425, 0, 51.719
44, 161, 373, 0, 51.727
43, 162, 284, 0, 51.735
42, 162, 172, 0, 51.742
41, 162, 64, 0, 51.750
41, 162, 0, 0, 51.758
41, 162, 0, 0, 51.765
41, 162, 0, 20073, 51.772
41, 162, 0, 19288, 51.782
42, 161, 0, 19640, 51.788
42, 161, 0, 21545, 51.796
44, 161, 0, 24187, 51.805
45, 160, 0, 26155, 51.811
46, 160, 0, 27324, 51.820
48, 159, 0, 28156, 51.827
49, 159, 0, 28941, 51.835
51, 159, 0, 29245, 51.842
52, 159, 0, 29309, 51.850
54, 158, 0, 29421, 51.857
55, 158, 0, 29421, 51.865
57, 158, 0, 28973, 51.873
58, 158, 0, 27660, 51.879
59, 158, 0, 24939, 51.889
61, 159, 0, 21593, 51.896
62, 159, 0, 16455, 51.903
62, 160, 0, 8083, 51.911
62, 160, 0, 0, 51.919
63, 161, 52, 0, 51.926
63, 161, 92, 0, 51.934
63, 162, 132, 0, 51.942
63, 162, 144, 0, 51.950
62, 162, 132, 0, 51.957
62, 163, 92, 0, 51.965
61, 163, 40, 0, 51.972
61, 162, 0, 0, 51.980
60, 162, 0, 0, 51.988
59, 161, 0, 0, 51.994
59, 160, 0, 16695, 52.004
58, 158, 0, 17528, 52.011
58, 157, 0, 20601, 52.019
58, 155, 0, 23354, 52.026
57, 154, 0, 25835, 52.034
57, 152, 0, 27548, 52.041
57, 151, 0, 28749, 52.051
58, 151, 0, 28957, 52.057
58, 150, 0, 28941, 52.064
59, 150, 0, 28765, 52.072
59, 150, 0, 28573, 52.080
60, 151, 0, 28509, 52.088
61, 152, 0, 28557, 52.095
62, 153, 0, 28557, 52.103
62, 154, 0, 28300, 52.111
63, 155, 0, 27788, 52.118
63, 156, 0, 27212, 52.126
63, 157, 0, 26796, 52.133
63, 157, 0, 26572, 52.142
63, 157, 0, 26828, 52.149
63, 157, 0, 27740, 52.157
63, 156, 0, 27612, 52.164
63, 156, 0, 27452, 52.173
62, 154, 0, 27644, 52.180
62, 153, 0, 28076, 52.187
62, 151, 0, 28541, 52.195
62, 150, 0, 29053, 52.203
62, 149, 0, 29549, 52.210
62, 148, 0, 29741, 52.218
62, 148, 0, 29677, 52.225
62, 147, 0, 29661, 52.233
62, 147, 0, 29341, 52.241
63, 148, 0, 29117, 52.249
63, 148, 0, 29085, 52.256
64, 149, 0, 29037, 52.264
64, 150, 0, 28893, 52.271
65, 151, 0, 28701, 52.279
65, 153, 0, 28765, 52.287
66, 154, 0, 28701, 52.295
66, 156, 0, 28605, 52.302
66, 158, 0, 28445, 52.310
67, 160, 0, 28316, 52.318
67, 162, 0, 28044, 52.325
68, 164, 0, 27788, 52.333
68, 166, 0, 27420, 52.342
68, 168, 0, 27308, 52.350
69, 170, 0, 26652, 52.357
69, 172, 0, 26428, 52.364
70, 173, 0, 26187, 52.371
70, 174, 0, 26139, 52.379
70, 175, 0, 26091, 52.387
70, 175, 0, 26252, 52.394
70, 176, 0, 26252, 52.403
70, 176, 0, 26620, 52.410
70, 175, 0, 26716, 52.419
70, 175, 0, 26364, 52.426
70, 174, 0, 26220, 52.433
69, 172, 0, 26155, 52.441
69, 171, 0, 26284, 52.448
68, 168, 0, 26268, 52.457
68, 166, 0, 26492, 52.464
67, 164, 0, 26556, 52.472
67, 161, 0, 26828, 52.479
66, 158, 0, 27452, 52.486
66, 156, 0, 28076, 52.494
65, 154, 0, 28877, 52.503
65, 153, 0, 29613, 52.510
65, 152, 0, 29901, 52.517
66, 151, 0, 29837, 52.525
66, 151, 0, 29613, 52.532
67, 151, 0, 29597, 52.540
68, 153, 0, 29981, 52.548
69, 154, 0, 30413, 52.556
71, 156, 0, 30493, 52.563
72, 158, 0, 30557, 52.571
73, 160, 0, 30573, 52.579
74, 162, 0, 30638, 52.586
75, 164, 0, 30622, 52.594
75, 166, 0, 30734, 52.601
76, 168, 0, 29917, 52.609
76, 169, 0, 27596, 52.617
76, 171, 0, 23450, 52.625
76, 172, 0, 16215, 52.632
75, 172, 0, 1808, 52.641
75, 172, 0, 0, 52.649
74, 173, 60, 0, 52.655
73, 172, 132, 0, 52.663
72, 172, 184, 0, 52.671
71, 171, 216, 0, 52.678
71, 170, 208, 0, 52.686
70, 169, 176, 0, 52.694
70, 167, 112, 0, 52.702
70, 166, 60, 0, 52.709
70, 164, 0, 0, 52.718
70, 162, 0, 0, 52.725
69, 160, 0, 0, 52.731
69, 158, 0, 19849, 52.739
69, 156, 0, 23562, 52.747
69, 154, 0, 27276, 52.754
69, 152, 0, 29437, 52.762
69, 150, 0, 30670, 52.771
70, 149, 0, 31038, 52.778
70, 148, 0, 30990, 52.786
71, 147, 0, 31006, 52.792
71, 146, 0, 30702, 52.800
72, 146, 0, 29725, 52.809
73, 147, 0, 27228, 52.816
73, 147, 0, 23770, 52.825
74, 148, 0, 19977, 52.832
75, 149, 0, 14998, 52.840
75, 150, 0, 8932, 52.848
76, 152, 0, 528, 52.856
76, 152, 0, 0, 52.864
77, 154, 16, 0, 52.872
77, 155, 36, 0, 52.878
77, 156, 48, 0, 52.887
77, 157, 36, 0, 52.893
76, 157, 0, 0, 52.902
76, 157, 0, 0, 52.910
75, 157, 0, 15799, 52.916
75, 156, 0, 19384, 52.924
75, 155, 0, 22426, 52.932
74, 153, 0, 25163, 52.939
74, 152, 0, 27916, 52.948
74, 150, 0, 30429, 52.956
74, 149, 0, 31630, 52.963
74, 148, 0, 32158, 52.970
74, 147, 0, 32638, 52.979
74, 147, 0, 32622, 52.986
75, 147, 0, 32622, 52.993
75, 147, 0, 32526, 53.001
76, 148, 0, 32446, 53.009
76, 149, 0, 32398, 53.016
77, 150, 0, 32142, 53.024
77, 152, 0, 31390, 53.031
77, 153, 0, 30814, 53.039
77, 155, 0, 30125, 53.048
77, 156, 0, 28845, 53.055
77, 157, 0, 28092, 53.062
76, 158, 0, 28012, 53.070
76, 159, 0, 27948, 53.078
76, 159, 0, 28124, 53.085
75, 159, 0, 28461, 53.093
75, 158, 0, 28973, 53.102
75, 158, 0, 29245, 53.109
75, 156, 0, 29629, 53.116
75, 155, 0, 30317, 53.124
75, 154, 0, 31006, 53.132
76, 152, 0, 31614, 53.139
76, 151, 0, 32206, 53.146
76, 149, 0, 32398, 53.154
77, 148, 0, 32767, 53.161
77, 147, 0, 32767, 53.171
77, 146, 0, 32767, 53.177
77, 145, 0, 32767, 53.185
77, 145, 0, 32767, 53.192
77, 145, 0, 32767, 53.200
77, 144, 0, 32767, 53.207
76, 144, 0, 32767, 53.216
76, 144, 0, 32767, 53.223
75, 144, 0, 32767, 53.232
74, 144, 0, 30750, 53.239
74, 145, 0, 27692, 53.246
73, 146, 0, 23722, 53.254
73, 146, 0, 16183, 53.263
73, 146, 0, 0, 53.269
74, 148, 52, 0, 53.277
74, 149, 108, 0, 53.284
75, 150, 164, 0, 53.293
76, 152, 208, 0, 53.301
77, 153, 240, 0, 53.309
78, 154, 260, 0, 53.316
79, 155, 252, 0, 53.323
80, 156, 228, 0, 53.331
81, 156, 172, 0, 53.338
82, 156, 96, 0, 53.347
82, 156, 8, 0, 53.355
83, 156, 0, 0, 53.363
83, 155, 0, 0, 53.370
83, 154, 0, 19993, 53.377
83, 152, 0, 22922, 53.384
82, 151, 0, 26764, 53.391
82, 149, 0, 29645, 53.401
82, 148, 0, 31726, 53.407
82, 147, 0, 32767, 53.416
82, 146, 0, 32767, 53.424
82, 145, 0, 32767, 53.432
82, 145, 0, 32767, 53.439
82, 146, 0, 32767, 53.447
83, 146, 0, 32767, 53.453
84, 147, 0, 32767, 53.461
84, 148, 0, 32767, 53.469
85, 149, 0, 32767, 53.476
85, 149, 0, 32767, 53.484
85, 150, 0, 32767, 53.492
85, 150, 0, 32767, 53.499
85, 149, 0, 32767, 53.508
85, 149, 0, 32767, 53.516
85, 148, 0, 32767, 53.522
85, 147, 0, 32767, 53.530
85, 146, 0, 32767, 53.538
85, 145, 0, 32767, 53.545
85, 144, 0, 32767, 53.553
86, 143, 0, 32767, 53.562
86, 143, 0, 32767, 53.570
87, 144, 0, 32767, 53.576
87, 144, 0, 32767, 53.584
88, 145, 0, 32767, 53.590
89, 146, 0, 32767, 53.600
90, 146, 0, 32767, 53.607
91, 147, 0, 32767, 53.614
92, 147, 0, 32767, 53.623
92, 147, 0, 32767, 53.631
92, 147, 0, 32767, 53.638
93, 146, 0, 32767, 53.646
93, 146, 0, 32767, 53.653
93, 145, 0, 32767, 53.662
94, 144, 0, 32767, 53.668
94, 144, 0, 32767, 53.676
95, 143, 0, 32767, 53.684
95, 143, 0, 32767, 53.692
96, 143, 0, 32767, 53.700
97, 144, 0, 32270, 53.708
97, 145, 0, 31710, 53.715
98, 145, 0, 31246, 53.723
99, 146, 0, 31230, 53.730
99, 146, 0, 31278, 53.737
100, 147, 0, 31310, 53.745
100, 147, 0, 31374, 53.753
100, 147, 0, 31438, 53.760
100, 148, 0, 31358, 53.768
100, 148, 0, 31294, 53.776
100, 148, 0, 30237, 53.784
100, 147, 0, 28733, 53.791
100, 147, 0, 28332, 53.799
100, 147, 0, 28252, 53.806
99, 146, 0, 28445, 53.814
99, 145, 0, 28621, 53.822
99, 145, 0, 28605, 53.829
98, 144, 0, 25355, 53.838
98, 144, 0, 10468, 53.845
98, 144, 0, 0, 53.853
98, 144, 232, 0, 53.860
98, 144, 481, 0, 53.869
98, 144, 702, 0, 53.876
98, 144, 882, 0, 53.888
98, 144, 1006, 0, 53.897
98, 144, 1023, 0, 53.914
98, 144, 1023, 0, 53.919
98, 144, 1023, 0, 53.927
98, 144, 1023, 0, 53.933
98, 144, 1023, 0, 53.940
98, 144, 1023, 0, 53.946
98, 144, 1023, 0, 53.954
98, 144, 1023, 0, 53.960
98, 144, 1023, 0, 53.966
98, 144, 1023, 0, 53.973
98, 144, 1023, 0, 53.979
