43, 163, 1023, 0, 17.674
43, 163, 934, 0, 17.678
43, 163, 902, 0, 17.681
43, 163, 870, 0, 17.682
43, 163, 830, 0, 17.685
43, 163, 786, 0, 17.687
44, 163, 754, 0, 17.688
44, 163, 669, 0, 17.692
44, 163, 573, 0, 17.694
45, 164, 465, 0, 17.696
45, 164, 361, 0, 17.698
45, 165, 232, 0, 17.702
45, 166, 92, 0, 17.705
45, 166, 0, 0, 17.709
45, 167, 0, 0, 17.714
45, 167, 0, 0, 17.723
44, 168, 0, 0, 17.729
44, 168, 0, 10452, 17.737
44, 168, 0, 10548, 17.745
43, 169, 0, 10756, 17.753
43, 169, 0, 11621, 17.761
42, 169, 0, 13254, 17.769
42, 168, 0, 14166, 17.776
42, 168, 0, 14662, 17.783
42, 167, 0, 14806, 17.791
42, 166, 0, 15110, 17.798
42, 164, 0, 15415, 17.806
42, 162, 0, 15431, 17.814
42, 161, 0, 15527, 17.821
42, 159, 0, 15623, 17.829
42, 157, 0, 15623, 17.837
42, 155, 0, 15815, 17.845
42, 154, 0, 15959, 17.853
42, 153, 0, 16135, 17.860
42, 152, 0, 16311, 17.867
42, 151, 0, 16375, 17.876
41, 150, 0, 16375, 17.883
40, 150, 0, 16455, 17.890
40, 149, 0, 16343, 17.898
39, 149, 0, 16023, 17.906
38, 149, 0, 15863, 17.914
37, 149, 0, 15975, 17.921
37, 150, 0, 15895, 17.929
36, 150, 0, 15543, 17.937
36, 151, 0, 15591, 17.944
36, 151, 0, 15383, 17.953
35, 152, 0, 15399, 17.959
35, 153, 0, 15335, 17.967
36, 154, 0, 15286, 17.975
36, 154, 0, 15238, 17.983
36, 155, 0, 15254, 17.990
37, 155, 0, 15351, 17.998
38, 156, 0, 15431, 18.005
39, 156, 0, 15687, 18.014
39, 156, 0, 16135, 18.022
40, 155, 0, 16903, 18.029
41, 155, 0, 17480, 18.036
42, 155, 0, 18168, 18.044
43, 154, 0, 18792, 18.053
44, 154, 0, 19272, 18.059
45, 153, 0, 19624, 18.067
46, 153, 0, 19592, 18.075
47, 153, 0, 19624, 18.082
47, 153, 0, 19624, 18.090
48, 153, 0, 19320, 18.097
48, 153, 0, 18040, 18.106
48, 153, 0, 15799, 18.113
48, 153, 0, 11445, 18.121
48, 153, 0, 5058, 18.128
48, 153, 0, 0, 18.136
47, 154, 64, 0, 18.144
46, 155, 132, 0, 18.152
45, 155, 204, 0, 18.159
44, 156, 264, 0, 18.167
43, 157, 308, 0, 18.174
42, 158, 328, 0, 18.182
42, 159, 328, 0, 18.190
41, 159, 308, 0, 18.197
40, 160, 264, 0, 18.205
40, 160, 196, 0, 18.213
40, 160, 120, 0, 18.220
39, 161, 56, 0, 18.228
39, 161, 0, 0, 18.236
39, 161, 0, 0, 18.243
39, 161, 0, 14582, 18.251
39, 161, 0, 14406, 18.259
39, 161, 0, 14598, 18.267
39, 161, 0, 14998, 18.274
39, 161, 0, 15831, 18.282
40, 161, 0, 17496, 18.289
41, 161, 0, 18536, 18.297
41, 160, 0, 19785, 18.305
42, 160, 0, 20553, 18.312
43, 160, 0, 20793, 18.320
44, 160, 0, 21241, 18.328
44, 160, 0, 21529, 18.337
45, 160, 0, 21625, 18.343
46, 160, 0, 21625, 18.351
46, 160, 0, 21609, 18.358
47, 160, 0, 21465, 18.366
47, 160, 0, 20281, 18.374
48, 160, 0, 17736, 18.382
48, 159, 0, 14118, 18.389
48, 159, 0, 7251, 18.397
48, 159, 0, 0, 18.405
49, 158, 48, 0, 18.412
49, 158, 92, 0, 18.420
49, 157, 144, 0, 18.427
48, 157, 172, 0, 18.435
48, 156, 172, 0, 18.443
48, 156, 164, 0, 18.450
48, 155, 112, 0, 18.458
48, 155, 48, 0, 18.466
48, 154, 0, 0, 18.474
48, 154, 0, 0, 18.481
48, 154, 0, 0, 18.489
48, 153, 0, 0, 18.497
48, 153, 0, 11973, 18.505
48, 153, 0, 11573, 18.512
48, 153, 0, 11509, 18.520
49, 154, 0, 11413, 18.527
49, 154, 0, 11749, 18.535
50, 155, 0, 12533, 18.543
50, 156, 0, 13622, 18.550
50, 157, 0, 14390, 18.558
51, 158, 0, 14902, 18.566
51, 159, 0, 15190, 18.573
51, 160, 0, 15655, 18.581
52, 161, 0, 16055, 18.589
52, 163, 0, 16167, 18.596
52, 164, 0, 16279, 18.604
52, 165, 0, 16327, 18.612
52, 166, 0, 16359, 18.620
52, 166, 0, 16407, 18.627
52, 166, 0, 16439, 18.635
52, 167, 0, 16791, 18.642
52, 166, 0, 18680, 18.651
52, 166, 0, 19480, 18.658
52, 165, 0, 19464, 18.666
52, 164, 0, 19352, 18.673
51, 162, 0, 19416, 18.682
51, 161, 0, 19480, 18.689
51, 159, 0, 19544, 18.696
51, 158, 0, 19785, 18.704
51, 156, 0, 20041, 18.712
51, 155, 0, 20297, 18.719
51, 154, 0, 20329, 18.727
51, 154, 0, 20329, 18.735
51, 153, 0, 20169, 18.742
51, 153, 0, 19833, 18.750
51, 153, 0, 19624, 18.757
52, 154, 0, 19272, 18.765
52, 155, 0, 19673, 18.773
52, 156, 0, 19913, 18.780
53, 157, 0, 20009, 18.788
54, 159, 0, 20041, 18.796
54, 160, 0, 20137, 18.804
55, 162, 0, 20313, 18.811
55, 164, 0, 20457, 18.819
56, 166, 0, 20633, 18.827
56, 167, 0, 20681, 18.835
57, 169, 0, 20697, 18.842
57, 170, 0, 20617, 18.850
57, 171, 0, 20633, 18.857
58, 172, 0, 20633, 18.865
58, 173, 0, 20649, 18.873
58, 173, 0, 20649, 18.880
58, 173, 0, 20649, 18.888
58, 173, 0, 20697, 18.896
58, 173, 0, 20777, 18.904
58, 172, 0, 20553, 18.911
57, 171, 0, 20729, 18.919
57, 170, 0, 20505, 18.926
57, 168, 0, 20473, 18.934
56, 166, 0, 20441, 18.942
56, 164, 0, 20489, 18.950
55, 162, 0, 20473, 18.957
55, 161, 0, 20521, 18.965
55, 159, 0, 20457, 18.973
54, 158, 0, 20473, 18.980
54, 157, 0, 20537, 18.989
54, 156, 0, 20521, 18.997
54, 156, 0, 20537, 19.004
55, 156, 0, 20265, 19.011
55, 156, 0, 19753, 19.019
56, 156, 0, 20153, 19.027
56, 157, 0, 21113, 19.034
57, 158, 0, 21321, 19.042
58, 160, 0, 21785, 19.049
59, 162, 0, 22362, 19.058
60, 163, 0, 22554, 19.065
60, 165, 0, 22570, 19.072
61, 166, 0, 22618, 19.081
62, 167, 0, 22746, 19.088
62, 168, 0, 22154, 19.096
62, 169, 0, 20873, 19.103
62, 169, 0, 18328, 19.110
62, 169, 0, 13494, 19.118
62, 169, 0, 2433, 19.127
62, 169, 0, 0, 19.134
60, 169, 24, 0, 19.141
60, 168, 72, 0, 19.149
59, 167, 116, 0, 19.157
58, 166, 144, 0, 19.164
58, 165, 164, 0, 19.172
57, 164, 156, 0, 19.179
57, 163, 136, 0, 19.187
57, 162, 108, 0, 19.195
57, 161, 0, 0, 19.203
57, 160, 0, 0, 19.210
57, 159, 0, 16375, 19.219
56, 157, 0, 17079, 19.228
56, 156, 0, 19288, 19.235
57, 155, 0, 21577, 19.243
57, 154, 0, 23370, 19.250
57, 153, 0, 24699, 19.260
57, 152, 0, 25467, 19.265
57, 151, 0, 25899, 19.273
58, 150, 0, 25963, 19.280
58, 150, 0, 25931, 19.288
58, 149, 0, 25803, 19.296
59, 149, 0, 24747, 19.303
59, 148, 0, 22570, 19.310
60, 148, 0, 18936, 19.318
60, 149, 0, 13606, 19.326
60, 149, 0, 5570, 19.333
60, 149, 0, 0, 19.341
61, 150, 40, 0, 19.348
62, 151, 92, 0, 19.356
62, 152, 144, 0, 19.364
63, 153, 184, 0, 19.371
63, 154, 228, 0, 19.379
64, 155, 260, 0, 19.387
64, 155, 268, 0, 19.394
64, 156, 268, 0, 19.402
65, 157, 236, 0, 19.410
65, 158, 176, 0, 19.417
65, 158, 104, 0, 19.426
65, 158, 40, 0, 19.433
65, 158, 0, 0, 19.440
65, 159, 0, 0, 19.448
65, 159, 0, 15847, 19.456
65, 159, 0, 16023, 19.464
65, 159, 0, 17159, 19.471
65, 157, 0, 18024, 19.479
64, 157, 0, 19224, 19.487
64, 156, 0, 20873, 19.495
64, 155, 0, 22474, 19.502
64, 153, 0, 24091, 19.509
64, 152, 0, 25083, 19.518
64, 151, 0, 25531, 19.525
64, 151, 0, 25563, 19.533
64, 150, 0, 25611, 19.540
64, 150, 0, 25627, 19.549
65, 149, 0, 25595, 19.556
65, 149, 0, 25531, 19.563
65, 149, 0, 25403, 19.572
66, 149, 0, 25371, 19.579
66, 150, 0, 25403, 19.587
67, 150, 0, 25515, 19.595
67, 151, 0, 25707, 19.602
67, 152, 0, 25723, 19.610
67, 153, 0, 25563, 19.619
67, 153, 0, 25323, 19.626
67, 154, 0, 25179, 19.633
67, 155, 0, 25003, 19.640
67, 155, 0, 24955, 19.648
67, 156, 0, 24923, 19.656
66, 156, 0, 24859, 19.663
66, 156, 0, 24555, 19.671
66, 156, 0, 24411, 19.678
65, 156, 0, 24219, 19.687
65, 156, 0, 24171, 19.694
65, 155, 0, 24043, 19.701
65, 154, 0, 23930, 19.709
65, 153, 0, 24139, 19.717
65, 152, 0, 24619, 19.724
65, 151, 0, 25163, 19.732
65, 150, 0, 25787, 19.740
66, 149, 0, 26203, 19.747
66, 148, 0, 26316, 19.757
67, 148, 0, 26380, 19.763
67, 147, 0, 26428, 19.770
68, 147, 0, 26540, 19.778
69, 147, 0, 26540, 19.786
69, 146, 0, 26364, 19.793
70, 146, 0, 25035, 19.802
71, 146, 0, 22426, 19.809
71, 147, 0, 18232, 19.817
72, 147, 0, 11141, 19.825
72, 147, 0, 0, 19.832
73, 148, 52, 0, 19.839
73, 148, 116, 0, 19.847
73, 149, 188, 0, 19.855
74, 150, 252, 0, 19.863
74, 150, 308, 0, 19.871
74, 151, 349, 0, 19.878
74, 152, 369, 0, 19.887
74, 152, 381, 0, 19.893
74, 153, 361, 0, 19.902
74, 154, 316, 0, 19.910
74, 154, 264, 0, 19.917
74, 154, 180, 0, 19.924
73, 155, 84, 0, 19.931
73, 155, 0, 0, 19.939
73, 155, 0, 0, 19.948
73, 155, 0, 0, 19.955
72, 155, 0, 18024, 19.962
72, 155, 0, 18152, 19.970
72, 155, 0, 19432, 19.978
72, 155, 0, 20841, 19.985
72, 154, 0, 22490, 19.993
72, 154, 0, 23546, 20.000
72, 153, 0, 24139, 20.008
72, 152, 0, 24699, 20.017
73, 151, 0, 25147, 20.024
73, 150, 0, 25355, 20.031
74, 149, 0, 25371, 20.040
74, 148, 0, 25419, 20.047
75, 148, 0, 25403, 20.054
75, 147, 0, 25451, 20.061
76, 146, 0, 25435, 20.070
76, 146, 0, 25467, 20.077
77, 145, 0, 25531, 20.085
77, 145, 0, 25611, 20.093
78, 145, 0, 25755, 20.100
78, 144, 0, 26027, 20.108
78, 144, 0, 26220, 20.117
78, 144, 0, 26524, 20.123
77, 143, 0, 27068, 20.131
77, 143, 0, 27644, 20.140
76, 143, 0, 28076, 20.146
75, 142, 0, 28188, 20.155
74, 142, 0, 28172, 20.162
73, 142, 0, 28188, 20.169
72, 141, 0, 28156, 20.177
71, 141, 0, 28012, 20.185
70, 141, 0, 27884, 20.193
69, 141, 0, 27228, 20.200
69, 141, 0, 25147, 20.209
69, 142, 0, 20889, 20.217
69, 142, 0, 13045, 20.225
69, 143, 0, 1648, 20.232
69, 143, 0, 0, 20.239
70, 144, 64, 0, 20.246
71, 145, 144, 0, 20.255
72, 146, 200, 0, 20.262
73, 147, 244, 0, 20.270
74, 147, 280, 0, 20.278
75, 148, 280, 0, 20.286
76, 149, 268, 0, 20.292
77, 150, 244, 0, 20.300
78, 151, 212, 0, 20.308
79, 151, 156, 0, 20.314
80, 151, 100, 0, 20.323
81, 152, 32, 0, 20.332
81, 152, 0, 0, 20.339
81, 152, 0, 0, 20.347
81, 152, 0, 0, 20.355
81, 152, 0, 0, 20.361
81, 152, 0, 14470, 20.369
81, 152, 0, 14966, 20.378
81, 152, 0, 15591, 20.386
81, 152, 0, 16567, 20.393
81, 152, 0, 17864, 20.401
81, 152, 0, 19448, 20.408
81, 152, 0, 20569, 20.416
81, 152, 0, 21097, 20.423
82, 152, 0, 21385, 20.431
82, 151, 0, 22186, 20.439
82, 151, 0, 22906, 20.447
82, 150, 0, 23370, 20.454
83, 150, 0, 23914, 20.462
83, 149, 0, 24603, 20.469
83, 147, 0, 25339, 20.477
83, 146, 0, 26043, 20.485
83, 145, 0, 26844, 20.492
82, 143, 0, 27468, 20.500
82, 142, 0, 27820, 20.508
82, 141, 0, 28060, 20.519
81, 140, 0, 28477, 20.523
81, 139, 0, 28893, 20.531
81, 139, 0, 29085, 20.539
81, 139, 0, 28989, 20.545
81, 140, 0, 28316, 20.554
81, 140, 0, 27884, 20.561
81, 141, 0, 27612, 20.569
81, 142, 0, 27404, 20.576
82, 144, 0, 27212, 20.584
82, 145, 0, 26796, 20.592
83, 146, 0, 26380, 20.600
83, 147, 0, 26203, 20.607
84, 147, 0, 25867, 20.614
84, 148, 0, 25739, 20.623
85, 148, 0, 25691, 20.631
85, 148, 0, 25579, 20.638
85, 147, 0, 25931, 20.646
86, 147, 0, 26508, 20.653
86, 146, 0, 27100, 20.661
86, 145, 0, 27964, 20.669
86, 144, 0, 28685, 20.677
87, 143, 0, 29053, 20.685
87, 143, 0, 29149, 20.693
88, 142, 0, 29197, 20.700
88, 142, 0, 29165, 20.707
89, 142, 0, 29069, 20.713
89, 142, 0, 28909, 20.722
90, 142, 0, 28797, 20.729
90, 142, 0, 28541, 20.738
91, 143, 0, 28188, 20.744
92, 143, 0, 28012, 20.753
92, 144, 0, 28028, 20.760
93, 144, 0, 27980, 20.768
93, 145, 0, 27948, 20.776
94, 145, 0, 27916, 20.784
94, 146, 0, 27932, 20.792
94, 146, 0, 27868, 20.800
94, 145, 0, 27740, 20.807
94, 145, 0, 27884, 20.815
94, 144, 0, 28204, 20.822
94, 143, 0, 28348, 20.830
94, 142, 0, 28429, 20.838
93, 141, 0, 28589, 20.845
93, 139, 0, 29261, 20.853
93, 138, 0, 29821, 20.860
93, 137, 0, 29869, 20.869
92, 136, 0, 29293, 20.875
92, 136, 0, 27164, 20.884
92, 136, 0, 22538, 20.892
92, 136, 0, 13830, 20.898
92, 136, 0, 0, 20.906
92, 137, 124, 0, 20.914
92, 138, 276, 0, 20.921
92, 139, 453, 0, 20.929
92, 140, 625, 0, 20.937
92, 141, 790, 0, 20.944
92, 141, 906, 0, 20.952
92, 141, 986, 0, 20.960
92, 141, 1023, 0, 20.967
92, 141, 1023, 0, 20.976
92, 141, 1023, 0, 20.989
92, 141, 1023, 0, 20.997
92, 141, 1023, 0, 21.012
92, 141, 1023, 0, 21.019
92, 141, 1023, 0, 21.027
92, 141, 1023, 0, 21.033
92, 141, 1023, 0, 21.040
92, 141, 1023, 0, 21.046
92, 141, 1023, 0, 21.053
92, 141, 1023, 0, 21.060
92, 141, 1023, 0, 21.066
92, 141, 1023, 0, 21.072
92, 141, 1023, 0, 21.081
