44, 150, 1023, 0, 07.622
44, 150, 790, 0, 07.627
44, 150, 778, 0, 07.629
44, 150, 766, 0, 07.631
44, 150, 754, 0, 07.632
44, 151, 754, 0, 07.634
44, 151, 742, 0, 07.635
44, 151, 730, 0, 07.637
44, 152, 718, 0, 07.638
44, 152, 706, 0, 07.641
44, 153, 682, 0, 07.644
44, 153, 649, 0, 07.652
44, 154, 601, 0, 07.659
45, 154, 533, 0, 07.669
45, 155, 453, 0, 07.676
45, 155, 357, 0, 07.683
45, 155, 252, 0, 07.689
45, 156, 136, 0, 07.697
45, 156, 20, 0, 07.707
45, 156, 0, 0, 07.712
45, 157, 0, 0, 07.721
45, 157, 0, 0, 07.728
45, 158, 0, 13814, 07.735
45, 158, 0, 13766, 07.743
44, 159, 0, 13798, 07.751
44, 159, 0, 13878, 07.758
44, 159, 0, 14070, 07.766
43, 159, 0, 14310, 07.775
43, 159, 0, 14662, 07.783
43, 159, 0, 15319, 07.789
42, 159, 0, 15895, 07.797
42, 159, 0, 16391, 07.804
42, 158, 0, 16599, 07.812
42, 157, 0, 16775, 07.820
42, 156, 0, 17079, 07.827
42, 155, 0, 17592, 07.835
42, 153, 0, 18088, 07.843
42, 151, 0, 18488, 07.850
42, 149, 0, 18744, 07.858
42, 147, 0, 19064, 07.866
43, 145, 0, 19304, 07.874
43, 144, 0, 19464, 07.881
43, 142, 0, 19592, 07.889
43, 141, 0, 19705, 07.896
43, 140, 0, 19737, 07.904
42, 139, 0, 19865, 07.912
42, 138, 0, 19945, 07.919
42, 137, 0, 19849, 07.927
41, 137, 0, 18904, 07.935
40, 137, 0, 17864, 07.942
40, 137, 0, 17544, 07.950
39, 137, 0, 17223, 07.958
38, 137, 0, 16951, 07.966
37, 138, 0, 16839, 07.973
36, 139, 0, 16743, 07.981
36, 140, 0, 16247, 07.989
35, 141, 0, 15623, 07.996
35, 142, 0, 15014, 08.004
35, 143, 0, 14806, 08.012
36, 144, 0, 14790, 08.019
36, 145, 0, 14790, 08.028
37, 145, 0, 14790, 08.035
38, 146, 0, 14950, 08.042
39, 146, 0, 15270, 08.050
40, 146, 0, 16151, 08.058
41, 146, 0, 17544, 08.066
42, 146, 0, 18728, 08.073
43, 145, 0, 19961, 08.082
44, 145, 0, 20889, 08.088
46, 144, 0, 21513, 08.096
47, 143, 0, 22186, 08.104
48, 143, 0, 22650, 08.111
49, 142, 0, 22810, 08.119
50, 142, 0, 22858, 08.127
50, 142, 0, 22778, 08.135
51, 142, 0, 22138, 08.142
51, 142, 0, 20809, 08.151
52, 142, 0, 18584, 08.157
52, 142, 0, 15190, 08.165
52, 142, 0, 10196, 08.173
52, 143, 0, 2945, 08.180
52, 143, 0, 0, 08.188
50, 144, 32, 0, 08.196
49, 145, 84, 0, 08.203
48, 146, 140, 0, 08.211
47, 147, 192, 0, 08.220
46, 148, 236, 0, 08.227
44, 149, 268, 0, 08.236
43, 150, 292, 0, 08.243
42, 150, 292, 0, 08.251
41, 151, 248, 0, 08.258
41, 151, 184, 0, 08.266
40, 152, 84, 0, 08.274
40, 152, 0, 0, 08.281
40, 152, 0, 0, 08.289
39, 152, 0, 0, 08.297
39, 152, 0, 18984, 08.304
39, 152, 0, 18776, 08.312
39, 152, 0, 18328, 08.319
39, 152, 0, 18200, 08.327
40, 152, 0, 19512, 08.335
41, 151, 0, 21001, 08.343
42, 151, 0, 21817, 08.349
43, 151, 0, 22762, 08.358
44, 151, 0, 23770, 08.366
45, 151, 0, 24667, 08.373
45, 151, 0, 25323, 08.381
46, 151, 0, 25627, 08.389
47, 151, 0, 25771, 08.396
48, 151, 0, 25723, 08.405
49, 151, 0, 25563, 08.412
50, 151, 0, 24379, 08.419
50, 151, 0, 22042, 08.427
50, 150, 0, 17944, 08.435
51, 150, 0, 11477, 08.442
51, 150, 0, 0, 08.451
51, 149, 0, 0, 08.458
51, 148, 56, 0, 08.466
51, 147, 112, 0, 08.473
51, 146, 156, 0, 08.481
51, 146, 180, 0, 08.488
51, 145, 180, 0, 08.495
51, 144, 144, 0, 08.504
51, 143, 88, 0, 08.511
51, 143, 20, 0, 08.519
51, 142, 0, 0, 08.527
51, 142, 0, 0, 08.535
51, 142, 0, 0, 08.543
51, 142, 0, 16263, 08.550
51, 142, 0, 15238, 08.557
51, 142, 0, 15367, 08.564
51, 142, 0, 16087, 08.572
51, 143, 0, 17255, 08.580
52, 144, 0, 18552, 08.588
52, 145, 0, 19288, 08.596
52, 146, 0, 19897, 08.605
52, 147, 0, 20489, 08.611
53, 149, 0, 20937, 08.619
53, 150, 0, 21289, 08.627
53, 151, 0, 21609, 08.634
54, 153, 0, 21817, 08.642
54, 154, 0, 21946, 08.650
54, 155, 0, 22010, 08.657
55, 156, 0, 22010, 08.665
55, 158, 0, 21946, 08.672
55, 159, 0, 21962, 08.679
56, 160, 0, 21914, 08.687
56, 161, 0, 21914, 08.696
56, 162, 0, 21898, 08.702
56, 162, 0, 21850, 08.711
56, 163, 0, 21833, 08.718
56, 163, 0, 21817, 08.725
56, 163, 0, 21882, 08.733
56, 162, 0, 21962, 08.741
56, 162, 0, 21946, 08.748
56, 161, 0, 21978, 08.756
56, 159, 0, 22074, 08.764
56, 158, 0, 22154, 08.772
55, 156, 0, 22202, 08.779
55, 153, 0, 22426, 08.787
55, 151, 0, 22730, 08.796
54, 149, 0, 23226, 08.803
54, 147, 0, 23466, 08.810
54, 146, 0, 23786, 08.817
54, 144, 0, 23866, 08.825
54, 143, 0, 23866, 08.833
54, 142, 0, 23930, 08.840
54, 142, 0, 23930, 08.848
54, 142, 0, 23658, 08.856
54, 142, 0, 23402, 08.863
54, 142, 0, 23370, 08.871
55, 143, 0, 23562, 08.879
55, 144, 0, 23738, 08.886
56, 145, 0, 23914, 08.894
57, 147, 0, 23930, 08.903
58, 149, 0, 24026, 08.909
58, 151, 0, 24315, 08.917
59, 153, 0, 24811, 08.925
60, 155, 0, 25355, 08.934
61, 158, 0, 25675, 08.940
62, 160, 0, 25755, 08.948
63, 162, 0, 25835, 08.956
63, 164, 0, 25851, 08.963
64, 165, 0, 25899, 08.972
65, 167, 0, 25963, 08.979
65, 167, 0, 25803, 08.987
65, 168, 0, 24971, 08.994
65, 168, 0, 23626, 09.004
65, 168, 0, 22506, 09.010
65, 167, 0, 20873, 09.018
64, 166, 0, 14694, 09.026
64, 165, 0, 2273, 09.032
64, 165, 0, 0, 09.040
62, 163, 60, 0, 09.048
62, 161, 124, 0, 09.055
61, 160, 180, 0, 09.063
60, 159, 220, 0, 09.071
60, 158, 232, 0, 09.078
60, 157, 220, 0, 09.086
60, 156, 168, 0, 09.094
59, 155, 104, 0, 09.101
59, 154, 28, 0, 09.109
59, 154, 0, 0, 09.118
59, 153, 0, 0, 09.124
59, 152, 0, 21321, 09.132
59, 152, 0, 21417, 09.140
60, 151, 0, 23482, 09.147
60, 150, 0, 25451, 09.155
60, 149, 0, 26604, 09.163
61, 148, 0, 27612, 09.170
61, 147, 0, 28076, 09.178
61, 147, 0, 28076, 09.186
62, 146, 0, 27980, 09.193
62, 145, 0, 27308, 09.201
62, 145, 0, 25851, 09.209
63, 144, 0, 23514, 09.216
63, 144, 0, 20297, 09.224
63, 144, 0, 16055, 09.232
64, 144, 0, 8868, 09.239
64, 144, 0, 0, 09.247
64, 145, 40, 0, 09.255
65, 146, 84, 0, 09.263
65, 147, 128, 0, 09.270
66, 148, 160, 0, 09.278
66, 148, 180, 0, 09.285
66, 149, 180, 0, 09.294
67, 150, 160, 0, 09.302
67, 151, 116, 0, 09.309
67, 152, 64, 0, 09.317
67, 152, 20, 0, 09.325
67, 152, 0, 0, 09.332
67, 153, 0, 0, 09.339
67, 153, 0, 18888, 09.347
67, 153, 0, 21097, 09.355
67, 153, 0, 22746, 09.363
66, 152, 0, 23018, 09.370
66, 151, 0, 23050, 09.377
65, 150, 0, 23386, 09.385
65, 149, 0, 24331, 09.394
65, 147, 0, 25547, 09.401
65, 146, 0, 26908, 09.409
65, 144, 0, 28092, 09.417
65, 143, 0, 28605, 09.425
65, 142, 0, 28701, 09.432
65, 141, 0, 28813, 09.440
66, 141, 0, 28829, 09.448
67, 141, 0, 28845, 09.456
67, 141, 0, 28877, 09.463
68, 141, 0, 28797, 09.471
68, 142, 0, 28701, 09.478
69, 143, 0, 28749, 09.486
69, 144, 0, 28621, 09.494
69, 146, 0, 28557, 09.501
70, 147, 0, 28220, 09.509
70, 148, 0, 27404, 09.517
69, 149, 0, 25915, 09.525
69, 150, 0, 23450, 09.532
68, 151, 0, 20249, 09.540
68, 152, 0, 14886, 09.547
67, 152, 0, 6018, 09.556
67, 152, 0, 0, 09.563
66, 153, 0, 0, 09.570
66, 153, 0, 0, 09.578
66, 153, 0, 0, 09.586
66, 153, 0, 0, 09.593
66, 153, 0, 9060, 09.601
66, 153, 0, 10356, 09.609
66, 152, 0, 13350, 09.616
67, 151, 0, 15991, 09.624
67, 151, 0, 18536, 09.632
68, 150, 0, 21481, 09.639
68, 149, 0, 24459, 09.647
69, 148, 0, 26876, 09.655
70, 146, 0, 28637, 09.663
70, 145, 0, 29389, 09.670
71, 145, 0, 29533, 09.678
72, 144, 0, 29389, 09.686
72, 143, 0, 28429, 09.693
73, 143, 0, 26043, 09.701
73, 143, 0, 21882, 09.708
74, 143, 0, 15078, 09.716
74, 144, 0, 2881, 09.723
74, 144, 0, 0, 09.730
75, 145, 56, 0, 09.738
76, 146, 112, 0, 09.746
76, 147, 168, 0, 09.754
77, 147, 212, 0, 09.761
77, 148, 256, 0, 09.770
77, 149, 288, 0, 09.778
77, 149, 324, 0, 09.785
77, 150, 336, 0, 09.792
77, 151, 312, 0, 09.801
77, 151, 268, 0, 09.807
77, 152, 188, 0, 09.815
77, 152, 88, 0, 09.823
77, 153, 0, 0, 09.830
76, 153, 0, 0, 09.839
76, 153, 0, 0, 09.847
76, 153, 0, 20953, 09.854
76, 153, 0, 21369, 09.862
76, 153, 0, 22858, 09.870
75, 152, 0, 23418, 09.877
75, 152, 0, 23546, 09.885
75, 151, 0, 24219, 09.893
75, 149, 0, 25275, 09.900
75, 148, 0, 26203, 09.908
75, 147, 0, 27228, 09.915
75, 145, 0, 27948, 09.922
76, 144, 0, 28429, 09.931
76, 143, 0, 28637, 09.939
76, 143, 0, 29117, 09.946
76, 142, 0, 29837, 09.954
76, 142, 0, 30541, 09.961
76, 141, 0, 31326, 09.968
76, 141, 0, 31966, 09.976
75, 141, 0, 32174, 09.984
75, 140, 0, 32350, 09.993
73, 140, 0, 32382, 10.000
72, 140, 0, 32270, 10.007
71, 140, 0, 31902, 10.016
70, 141, 0, 31230, 10.022
70, 141, 0, 30077, 10.030
69, 142, 0, 26828, 10.037
69, 142, 0, 21241, 10.045
69, 143, 0, 14230, 10.053
70, 144, 0, 4866, 10.061
70, 144, 0, 0, 10.069
71, 145, 40, 0, 10.077
71, 146, 96, 0, 10.085
72, 147, 152, 0, 10.092
73, 147, 184, 0, 10.101
74, 148, 208, 0, 10.109
75, 148, 208, 0, 10.115
76, 149, 184, 0, 10.123
77, 149, 128, 0, 10.130
77, 150, 64, 0, 10.138
78, 150, 8, 0, 10.146
79, 150, 0, 0, 10.154
79, 150, 0, 0, 10.161
80, 150, 0, 15719, 10.169
80, 150, 0, 18120, 10.177
80, 150, 0, 19705, 10.185
80, 150, 0, 19913, 10.192
81, 150, 0, 20105, 10.200
81, 150, 0, 21385, 10.207
81, 150, 0, 22410, 10.215
81, 150, 0, 24299, 10.223
81, 150, 0, 26059, 10.230
81, 150, 0, 27148, 10.238
81, 150, 0, 28172, 10.246
81, 149, 0, 29005, 10.253
81, 148, 0, 29517, 10.261
80, 147, 0, 29805, 10.269
80, 146, 0, 30093, 10.276
80, 145, 0, 30477, 10.284
79, 144, 0, 30926, 10.291
79, 143, 0, 31390, 10.299
79, 142, 0, 31838, 10.306
79, 142, 0, 31934, 10.315
79, 142, 0, 31966, 10.323
79, 142, 0, 31870, 10.330
79, 142, 0, 31214, 10.338
79, 142, 0, 30638, 10.345
79, 143, 0, 30541, 10.353
80, 144, 0, 30525, 10.361
80, 145, 0, 30125, 10.369
81, 147, 0, 29325, 10.376
82, 148, 0, 28637, 10.385
82, 149, 0, 27932, 10.391
83, 150, 0, 27644, 10.399
84, 151, 0, 27564, 10.407
84, 152, 0, 27628, 10.415
85, 152, 0, 27676, 10.422
85, 152, 0, 27740, 10.430
85, 151, 0, 28188, 10.437
86, 151, 0, 28941, 10.445
86, 149, 0, 29341, 10.453
86, 148, 0, 29885, 10.460
85, 146, 0, 30525, 10.470
85, 145, 0, 31150, 10.476
85, 143, 0, 32062, 10.484
85, 142, 0, 32398, 10.491
85, 140, 0, 32542, 10.499
85, 139, 0, 32622, 10.507
85, 139, 0, 32686, 10.514
86, 139, 0, 32638, 10.522
86, 139, 0, 32158, 10.529
86, 139, 0, 31918, 10.537
87, 140, 0, 31550, 10.545
87, 141, 0, 31230, 10.553
88, 142, 0, 30974, 10.560
89, 143, 0, 30942, 10.568
89, 144, 0, 30958, 10.576
90, 145, 0, 30974, 10.583
90, 145, 0, 31054, 10.591
90, 145, 0, 31118, 10.599
90, 145, 0, 31134, 10.606
90, 145, 0, 31694, 10.614
90, 144, 0, 32094, 10.622
90, 143, 0, 32206, 10.629
90, 142, 0, 32638, 10.637
91, 141, 0, 32767, 10.646
91, 140, 0, 32767, 10.654
91, 139, 0, 32767, 10.660
91, 138, 0, 32767, 10.668
91, 137, 0, 32767, 10.676
91, 136, 0, 32206, 10.684
92, 136, 0, 30686, 10.692
92, 135, 0, 26956, 10.698
92, 135, 0, 19064, 10.706
92, 135, 0, 288, 10.715
92, 135, 0, 0, 10.722
92, 136, 164, 0, 10.729
92, 137, 349, 0, 10.737
92, 138, 529, 0, 10.744
93, 139, 698, 0, 10.752
93, 141, 838, 0, 10.760
93, 142, 942, 0, 10.767
94, 143, 1023, 0, 10.775
94, 144, 1023, 0, 10.783
95, 144, 1023, 0, 10.790
95, 145, 1023, 0, 10.798
95, 145, 1023, 0, 10.806
95, 144, 1023, 0, 10.813
95, 144, 1023, 0, 10.821
95, 143, 1023, 0, 10.829
95, 142, 1023, 0, 10.835
94, 141, 1006, 0, 10.844
94, 140, 970, 0, 10.852
93, 140, 930, 0, 10.858
93, 139, 902, 0, 10.869
93, 139, 878, 0, 10.875
92, 138, 878, 0, 10.883
92, 138, 902, 0, 10.891
92, 138, 942, 0, 10.898
92, 138, 982, 0, 10.905
92, 138, 1023, 0, 10.913
92, 138, 1023, 0, 10.921
92, 138, 1023, 0, 10.934
92, 138, 1023, 0, 10.942
92, 138, 1023, 0, 10.958
92, 138, 1023, 0, 10.965
92, 138, 1023, 0, 10.971
92, 138, 1023, 0, 10.979
92, 138, 1023, 0, 10.985
92, 138, 1023, 0, 10.992
92, 138, 1023, 0, 10.998
92, 138, 1023, 0, 11.005
92, 138, 1023, 0, 11.011
92, 138, 1023, 0, 11.018
92, 138, 1023, 0, 11.025
