52, 169, 1023, 0, 20.850
52, 169, 1023, 0, 20.852
52, 169, 1023, 0, 20.852
52, 169, 1023, 0, 20.855
52, 168, 1023, 0, 20.863
52, 168, 1023, 0, 20.872
52, 168, 1023, 0, 20.879
52, 168, 1023, 0, 20.888
52, 167, 1023, 0, 20.895
52, 167, 994, 0, 20.903
52, 167, 970, 0, 20.910
52, 167, 946, 0, 20.918
52, 167, 922, 0, 20.925
52, 167, 898, 0, 20.932
52, 167, 886, 0, 20.941
52, 167, 862, 0, 20.949
52, 167, 822, 0, 20.956
52, 167, 798, 0, 20.964
52, 167, 774, 0, 20.971
52, 167, 738, 0, 20.978
52, 167, 714, 0, 20.987
52, 167, 690, 0, 20.995
52, 167, 661, 0, 21.002
52, 167, 625, 0, 21.010
52, 168, 601, 0, 21.018
52, 168, 565, 0, 21.025
52, 169, 517, 0, 21.033
52, 170, 453, 0, 21.041
52, 170, 393, 0, 21.048
52, 171, 304, 0, 21.055
52, 172, 208, 0, 21.064
52, 172, 96, 0, 21.070
52, 172, 0, 0, 21.079
52, 173, 0, 0, 21.087
51, 173, 0, 0, 21.094
51, 173, 0, 0, 21.101
51, 173, 0, 0, 21.109
50, 173, 0, 14438, 21.117
50, 173, 0, 14678, 21.124
50, 172, 0, 14822, 21.133
50, 171, 0, 15094, 21.140
50, 170, 0, 16343, 21.147
50, 168, 0, 17447, 21.156
51, 166, 0, 18808, 21.163
51, 164, 0, 19785, 21.171
51, 162, 0, 20729, 21.179
51, 160, 0, 21465, 21.186
50, 157, 0, 22074, 21.193
50, 155, 0, 22586, 21.202
50, 154, 0, 23050, 21.210
49, 152, 0, 23482, 21.217
49, 150, 0, 23834, 21.225
48, 149, 0, 23754, 21.232
47, 148, 0, 23930, 21.240
47, 148, 0, 24059, 21.248
46, 147, 0, 24139, 21.256
45, 147, 0, 24123, 21.263
44, 147, 0, 23658, 21.271
43, 147, 0, 23034, 21.277
42, 147, 0, 22058, 21.285
41, 148, 0, 21401, 21.293
41, 148, 0, 21033, 21.302
40, 149, 0, 20697, 21.309
40, 149, 0, 20521, 21.317
40, 150, 0, 20393, 21.324
40, 150, 0, 20153, 21.332
41, 150, 0, 19993, 21.340
42, 151, 0, 19881, 21.347
43, 151, 0, 20025, 21.355
44, 150, 0, 20425, 21.363
45, 150, 0, 20969, 21.370
47, 150, 0, 21850, 21.377
49, 149, 0, 22682, 21.386
50, 149, 0, 23626, 21.393
52, 148, 0, 24203, 21.402
54, 148, 0, 24795, 21.408
55, 148, 0, 25275, 21.416
57, 148, 0, 25547, 21.424
58, 147, 0, 25563, 21.432
59, 147, 0, 25531, 21.440
60, 147, 0, 25387, 21.447
61, 148, 0, 24075, 21.455
61, 148, 0, 21353, 21.463
61, 149, 0, 16311, 21.470
61, 149, 0, 1728, 21.478
61, 149, 0, 0, 21.486
60, 151, 80, 0, 21.493
58, 152, 196, 0, 21.501
57, 153, 300, 0, 21.509
55, 154, 393, 0, 21.516
54, 155, 477, 0, 21.524
52, 156, 529, 0, 21.532
51, 157, 549, 0, 21.540
50, 158, 529, 0, 21.547
49, 157, 477, 0, 21.555
48, 158, 385, 0, 21.562
47, 158, 260, 0, 21.569
47, 158, 156, 0, 21.578
46, 158, 40, 0, 21.585
46, 158, 0, 0, 21.593
46, 158, 0, 0, 21.601
47, 158, 0, 19448, 21.609
47, 158, 0, 19608, 21.616
48, 158, 0, 21769, 21.624
49, 158, 0, 24523, 21.632
50, 158, 0, 26203, 21.639
51, 158, 0, 27516, 21.647
53, 158, 0, 28765, 21.654
54, 158, 0, 29421, 21.662
55, 158, 0, 29725, 21.670
56, 157, 0, 29933, 21.677
57, 157, 0, 29981, 21.685
59, 157, 0, 29885, 21.693
60, 157, 0, 29613, 21.701
61, 157, 0, 27820, 21.708
61, 157, 0, 24299, 21.716
62, 157, 0, 19064, 21.723
62, 157, 0, 11157, 21.732
62, 157, 0, 0, 21.739
63, 157, 56, 0, 21.747
62, 157, 104, 0, 21.753
62, 157, 144, 0, 21.762
62, 157, 176, 0, 21.770
61, 157, 164, 0, 21.777
61, 157, 136, 0, 21.784
60, 157, 88, 0, 21.792
60, 157, 36, 0, 21.799
59, 156, 0, 0, 21.808
59, 156, 0, 0, 21.815
59, 155, 0, 0, 21.823
58, 154, 0, 15831, 21.830
58, 153, 0, 18856, 21.838
58, 151, 0, 21785, 21.845
58, 150, 0, 23882, 21.853
59, 149, 0, 25499, 21.863
59, 149, 0, 26123, 21.868
60, 149, 0, 26220, 21.876
60, 149, 0, 26364, 21.885
61, 149, 0, 26460, 21.892
62, 150, 0, 26508, 21.901
63, 151, 0, 26684, 21.908
63, 152, 0, 26668, 21.915
64, 153, 0, 26780, 21.922
65, 154, 0, 26828, 21.931
65, 155, 0, 26700, 21.937
65, 156, 0, 26684, 21.946
65, 156, 0, 26556, 21.954
65, 156, 0, 26604, 21.962
65, 156, 0, 26876, 21.969
65, 155, 0, 26700, 21.977
65, 154, 0, 26780, 21.984
65, 152, 0, 26924, 21.991
65, 151, 0, 27148, 21.999
64, 150, 0, 27340, 22.007
64, 149, 0, 27788, 22.014
64, 148, 0, 27884, 22.022
65, 148, 0, 27820, 22.031
65, 148, 0, 27708, 22.038
65, 148, 0, 27628, 22.046
66, 149, 0, 27580, 22.053
66, 150, 0, 27692, 22.061
66, 151, 0, 27724, 22.069
67, 152, 0, 27724, 22.076
67, 153, 0, 27804, 22.084
67, 155, 0, 27708, 22.092
67, 157, 0, 27564, 22.100
68, 158, 0, 27244, 22.107
68, 160, 0, 26860, 22.115
68, 162, 0, 26396, 22.123
68, 164, 0, 25963, 22.130
68, 167, 0, 25803, 22.138
69, 168, 0, 25739, 22.146
69, 170, 0, 25451, 22.153
69, 171, 0, 25099, 22.161
70, 172, 0, 25067, 22.169
70, 173, 0, 24971, 22.176
70, 173, 0, 24939, 22.184
70, 173, 0, 24843, 22.192
70, 173, 0, 24923, 22.199
70, 172, 0, 24987, 22.207
69, 171, 0, 25051, 22.215
69, 169, 0, 25083, 22.222
69, 167, 0, 25243, 22.230
68, 165, 0, 25307, 22.237
67, 163, 0, 25483, 22.245
67, 160, 0, 25435, 22.252
66, 158, 0, 25579, 22.261
65, 156, 0, 26059, 22.268
65, 154, 0, 26316, 22.276
64, 152, 0, 26748, 22.283
64, 151, 0, 27068, 22.291
64, 150, 0, 27100, 22.299
65, 150, 0, 26924, 22.307
65, 150, 0, 26812, 22.313
66, 151, 0, 26940, 22.322
66, 152, 0, 27340, 22.330
67, 153, 0, 27820, 22.337
68, 154, 0, 28461, 22.345
69, 156, 0, 29117, 22.353
70, 158, 0, 29405, 22.360
71, 160, 0, 29517, 22.368
72, 162, 0, 29837, 22.376
73, 164, 0, 30093, 22.383
74, 166, 0, 30141, 22.392
75, 167, 0, 30349, 22.399
75, 169, 0, 29965, 22.405
76, 170, 0, 28861, 22.414
76, 171, 0, 27004, 22.421
76, 172, 0, 24059, 22.431
76, 173, 0, 19080, 22.437
76, 173, 0, 10916, 22.445
76, 173, 0, 0, 22.454
75, 173, 36, 0, 22.460
75, 172, 64, 0, 22.468
74, 172, 72, 0, 22.476
74, 171, 56, 0, 22.483
73, 170, 28, 0, 22.491
73, 168, 0, 0, 22.499
72, 167, 0, 0, 22.507
72, 165, 0, 0, 22.514
72, 163, 0, 15158, 22.522
71, 161, 0, 17576, 22.529
71, 160, 0, 20985, 22.537
71, 158, 0, 23914, 22.545
71, 156, 0, 26300, 22.553
71, 154, 0, 27804, 22.559
71, 153, 0, 28509, 22.568
71, 152, 0, 28701, 22.575
71, 151, 0, 28701, 22.582
72, 150, 0, 28605, 22.590
72, 150, 0, 28156, 22.598
73, 150, 0, 26556, 22.606
74, 150, 0, 24203, 22.614
74, 151, 0, 20969, 22.621
75, 152, 0, 17912, 22.629
76, 153, 0, 14038, 22.637
76, 154, 0, 7283, 22.644
77, 155, 0, 3809, 22.651
77, 156, 0, 3729, 22.660
77, 156, 0, 3265, 22.667
77, 157, 0, 6691, 22.675
77, 157, 0, 11429, 22.683
77, 156, 0, 16007, 22.691
76, 156, 0, 19112, 22.698
76, 155, 0, 21497, 22.706
76, 154, 0, 23914, 22.713
76, 153, 0, 26123, 22.721
75, 151, 0, 28621, 22.729
75, 150, 0, 30125, 22.735
75, 150, 0, 31134, 22.743
76, 149, 0, 31358, 22.752
76, 149, 0, 31406, 22.760
77, 149, 0, 31486, 22.767
77, 150, 0, 31502, 22.774
78, 150, 0, 31566, 22.782
78, 151, 0, 31614, 22.790
78, 152, 0, 31550, 22.798
79, 153, 0, 31358, 22.806
79, 154, 0, 30942, 22.813
79, 155, 0, 30718, 22.821
78, 156, 0, 30237, 22.829
78, 157, 0, 30077, 22.835
78, 158, 0, 30029, 22.844
77, 158, 0, 29949, 22.853
77, 158, 0, 29933, 22.859
76, 157, 0, 29933, 22.866
76, 156, 0, 29917, 22.874
76, 155, 0, 30061, 22.881
76, 154, 0, 30189, 22.890
76, 152, 0, 30638, 22.898
76, 151, 0, 30974, 22.905
77, 150, 0, 30894, 22.913
77, 149, 0, 30990, 22.922
78, 148, 0, 30862, 22.928
78, 148, 0, 30557, 22.936
79, 147, 0, 29069, 22.944
80, 147, 0, 26460, 22.951
80, 147, 0, 22234, 22.959
81, 147, 0, 16583, 22.967
81, 147, 0, 4930, 22.974
81, 147, 0, 0, 22.982
82, 149, 20, 0, 22.990
82, 150, 40, 0, 22.996
82, 151, 40, 0, 23.005
82, 152, 28, 0, 23.013
82, 153, 0, 0, 23.020
82, 153, 0, 0, 23.027
82, 154, 0, 0, 23.035
82, 154, 0, 0, 23.042
82, 155, 0, 0, 23.051
82, 155, 0, 17848, 23.059
82, 155, 0, 20985, 23.065
82, 155, 0, 23322, 23.074
82, 153, 0, 24715, 23.082
82, 153, 0, 26332, 23.089
83, 152, 0, 27436, 23.097
83, 151, 0, 28445, 23.105
83, 150, 0, 29533, 23.113
84, 149, 0, 30109, 23.120
84, 148, 0, 30461, 23.128
84, 147, 0, 30782, 23.135
84, 147, 0, 31422, 23.142
84, 146, 0, 32126, 23.151
84, 146, 0, 32767, 23.158
83, 145, 0, 32767, 23.166
82, 145, 0, 32767, 23.174
82, 145, 0, 32767, 23.181
81, 144, 0, 32767, 23.189
81, 144, 0, 32767, 23.197
80, 144, 0, 32767, 23.205
80, 145, 0, 32126, 23.211
80, 145, 0, 29933, 23.220
80, 146, 0, 26139, 23.227
80, 147, 0, 21625, 23.236
80, 148, 0, 16935, 23.243
81, 149, 0, 10452, 23.251
81, 150, 0, 2769, 23.258
81, 150, 0, 0, 23.266
83, 152, 0, 0, 23.274
83, 152, 0, 0, 23.281
84, 153, 0, 0, 23.289
84, 153, 0, 0, 23.297
84, 153, 0, 0, 23.303
85, 152, 0, 8948, 23.312
85, 152, 0, 14454, 23.320
85, 151, 0, 18968, 23.327
85, 150, 0, 22746, 23.334
85, 149, 0, 25019, 23.342
85, 148, 0, 26652, 23.350
85, 148, 0, 28044, 23.358
85, 147, 0, 29133, 23.366
85, 147, 0, 29485, 23.373
85, 147, 0, 29517, 23.381
86, 147, 0, 29453, 23.390
86, 148, 0, 29309, 23.395
87, 149, 0, 29341, 23.404
88, 150, 0, 29277, 23.411
88, 151, 0, 29293, 23.420
89, 152, 0, 29325, 23.426
90, 152, 0, 29405, 23.436
90, 152, 0, 29501, 23.442
91, 152, 0, 29677, 23.450
91, 151, 0, 30606, 23.458
91, 149, 0, 31582, 23.465
91, 148, 0, 32702, 23.472
92, 146, 0, 32767, 23.481
92, 145, 0, 32767, 23.488
92, 144, 0, 32767, 23.495
93, 143, 0, 31710, 23.504
93, 142, 0, 27260, 23.512
94, 142, 0, 18152, 23.519
94, 142, 0, 0, 23.526
95, 141, 144, 0, 23.535
95, 140, 300, 0, 23.542
96, 140, 485, 0, 23.550
96, 139, 665, 0, 23.557
96, 139, 814, 0, 23.565
96, 139, 922, 0, 23.573
96, 139, 1006, 0, 23.580
96, 139, 1023, 0, 23.593
96, 139, 1023, 0, 23.602
96, 139, 1023, 0, 23.618
96, 139, 1023, 0, 23.624
96, 139, 1023, 0, 23.632
96, 139, 1023, 0, 23.639
96, 139, 1023, 0, 23.644
96, 139, 1023, 0, 23.651
96, 139, 1023, 0, 23.659
96, 139, 1023, 0, 23.664
96, 139, 1023, 0, 23.671
96, 139, 1023, 0, 23.678
96, 139, 1023, 0, 23.685
