60, 142, 1023, 0, 45.571
60, 142, 1023, 0, 45.572
60, 142, 1023, 0, 45.573
60, 143, 1023, 0, 45.578
60, 143, 994, 0, 45.586
60, 143, 982, 0, 45.595
60, 143, 970, 0, 45.602
60, 143, 934, 0, 45.610
60, 144, 910, 0, 45.618
60, 144, 882, 0, 45.625
60, 144, 858, 0, 45.633
60, 145, 834, 0, 45.641
59, 145, 810, 0, 45.649
59, 146, 782, 0, 45.655
59, 146, 758, 0, 45.664
59, 147, 746, 0, 45.672
59, 147, 722, 0, 45.679
59, 148, 686, 0, 45.687
59, 148, 657, 0, 45.694
59, 149, 609, 0, 45.703
59, 150, 557, 0, 45.710
59, 150, 485, 0, 45.718
59, 151, 421, 0, 45.725
59, 152, 349, 0, 45.733
59, 153, 272, 0, 45.742
59, 154, 184, 0, 45.749
59, 155, 84, 0, 45.756
58, 156, 0, 0, 45.763
58, 156, 0, 0, 45.772
58, 157, 0, 0, 45.779
57, 157, 0, 0, 45.787
57, 157, 0, 15142, 45.794
57, 157, 0, 15463, 45.803
57, 156, 0, 14854, 45.811
57, 155, 0, 14614, 45.817
58, 153, 0, 14694, 45.825
58, 151, 0, 16151, 45.833
58, 149, 0, 17496, 45.840
58, 146, 0, 18248, 45.849
58, 143, 0, 18824, 45.856
58, 140, 0, 19384, 45.863
58, 138, 0, 20873, 45.872
58, 136, 0, 21449, 45.879
57, 134, 0, 21737, 45.886
57, 133, 0, 22314, 45.894
56, 132, 0, 22282, 45.902
56, 131, 0, 22442, 45.910
55, 131, 0, 22538, 45.918
54, 131, 0, 21850, 45.925
53, 131, 0, 22154, 45.933
52, 132, 0, 21689, 45.940
51, 133, 0, 21353, 45.948
51, 134, 0, 21065, 45.956
51, 135, 0, 20553, 45.964
51, 136, 0, 20761, 45.972
52, 137, 0, 20425, 45.979
53, 137, 0, 20089, 45.987
54, 137, 0, 20521, 45.995
56, 137, 0, 20729, 46.001
58, 137, 0, 21225, 46.009
60, 136, 0, 21257, 46.017
61, 136, 0, 20953, 46.025
63, 135, 0, 21625, 46.032
64, 135, 0, 21769, 46.040
65, 134, 0, 21978, 46.048
65, 134, 0, 22186, 46.055
66, 134, 0, 21705, 46.063
66, 134, 0, 19961, 46.072
66, 134, 0, 15335, 46.079
66, 135, 0, 9060, 46.087
66, 135, 0, 0, 46.095
64, 136, 28, 0, 46.101
63, 137, 84, 0, 46.109
61, 138, 148, 0, 46.118
59, 140, 232, 0, 46.125
57, 141, 316, 0, 46.132
56, 142, 361, 0, 46.140
54, 143, 369, 0, 46.148
53, 144, 316, 0, 46.155
53, 144, 220, 0, 46.162
52, 145, 116, 0, 46.169
52, 145, 0, 0, 46.178
52, 145, 0, 0, 46.186
52, 145, 0, 19608, 46.193
52, 145, 0, 19064, 46.202
54, 146, 0, 19913, 46.209
55, 146, 0, 21273, 46.216
56, 146, 0, 22362, 46.224
57, 146, 0, 24347, 46.232
58, 146, 0, 25419, 46.240
59, 146, 0, 25947, 46.247
60, 146, 0, 26828, 46.255
62, 146, 0, 26812, 46.262
63, 145, 0, 27020, 46.270
64, 145, 0, 26123, 46.278
65, 144, 0, 23258, 46.286
66, 144, 0, 19769, 46.292
67, 143, 0, 12661, 46.301
67, 143, 0, 3521, 46.308
67, 143, 0, 0, 46.316
68, 142, 44, 0, 46.324
69, 142, 88, 0, 46.333
69, 143, 120, 0, 46.339
69, 143, 132, 0, 46.349
69, 143, 112, 0, 46.354
69, 144, 64, 0, 46.362
68, 144, 20, 0, 46.370
68, 144, 0, 0, 46.378
68, 144, 0, 0, 46.386
67, 143, 0, 18920, 46.392
67, 143, 0, 19432, 46.402
66, 142, 0, 20649, 46.408
66, 140, 0, 21289, 46.416
66, 139, 0, 21866, 46.424
66, 137, 0, 23866, 46.431
65, 136, 0, 24763, 46.440
65, 135, 0, 25115, 46.447
66, 134, 0, 25643, 46.454
66, 133, 0, 25419, 46.462
66, 133, 0, 25355, 46.470
67, 133, 0, 25115, 46.478
67, 133, 0, 24411, 46.485
68, 134, 0, 24715, 46.494
68, 135, 0, 24411, 46.501
68, 135, 0, 24379, 46.508
68, 136, 0, 24587, 46.516
68, 136, 0, 24299, 46.523
68, 137, 0, 24907, 46.532
69, 137, 0, 24875, 46.539
69, 136, 0, 25019, 46.546
69, 135, 0, 25691, 46.554
69, 135, 0, 25755, 46.562
69, 134, 0, 26091, 46.569
69, 134, 0, 26123, 46.576
69, 133, 0, 25691, 46.585
70, 133, 0, 25963, 46.591
70, 134, 0, 25355, 46.600
70, 135, 0, 25179, 46.609
71, 136, 0, 25579, 46.616
71, 138, 0, 25451, 46.623
72, 139, 0, 25995, 46.632
72, 141, 0, 25803, 46.638
72, 144, 0, 25403, 46.647
72, 146, 0, 25819, 46.655
72, 149, 0, 25563, 46.662
72, 151, 0, 25275, 46.669
72, 153, 0, 24923, 46.677
73, 155, 0, 24283, 46.685
73, 157, 0, 24507, 46.692
73, 158, 0, 24075, 46.699
73, 159, 0, 23914, 46.708
73, 159, 0, 24043, 46.715
73, 159, 0, 23978, 46.724
73, 159, 0, 24571, 46.730
73, 159, 0, 24619, 46.739
73, 158, 0, 24187, 46.746
72, 156, 0, 24459, 46.753
72, 154, 0, 24171, 46.760
72, 152, 0, 24251, 46.770
71, 149, 0, 24411, 46.778
71, 146, 0, 24091, 46.785
71, 143, 0, 24699, 46.792
70, 141, 0, 24747, 46.800
70, 139, 0, 24891, 46.809
70, 137, 0, 25483, 46.815
70, 136, 0, 25195, 46.823
70, 136, 0, 25371, 46.830
71, 136, 0, 24955, 46.839
71, 136, 0, 24427, 46.846
72, 137, 0, 25035, 46.853
73, 138, 0, 25323, 46.861
74, 139, 0, 26043, 46.869
75, 141, 0, 26972, 46.875
76, 143, 0, 27228, 46.884
77, 146, 0, 28380, 46.891
78, 148, 0, 28605, 46.900
79, 151, 0, 28717, 46.909
80, 153, 0, 29085, 46.915
81, 155, 0, 29069, 46.922
81, 157, 0, 28941, 46.930
82, 159, 0, 28156, 46.938
82, 160, 0, 26700, 46.945
82, 160, 0, 25003, 46.954
82, 160, 0, 21289, 46.962
82, 160, 0, 16471, 46.969
81, 160, 0, 5858, 46.976
81, 160, 0, 0, 46.984
80, 158, 80, 0, 46.992
79, 156, 148, 0, 46.999
78, 155, 192, 0, 47.008
77, 153, 204, 0, 47.015
77, 152, 168, 0, 47.023
76, 150, 88, 0, 47.030
76, 149, 8, 0, 47.038
76, 148, 0, 0, 47.046
76, 146, 0, 0, 47.053
75, 145, 0, 21657, 47.061
75, 144, 0, 22154, 47.069
75, 143, 0, 23498, 47.075
76, 142, 0, 23962, 47.085
76, 141, 0, 25403, 47.091
76, 140, 0, 25979, 47.099
76, 139, 0, 26268, 47.109
77, 138, 0, 26780, 47.114
77, 137, 0, 26668, 47.122
77, 136, 0, 26556, 47.129
78, 136, 0, 24459, 47.138
79, 136, 0, 19833, 47.146
79, 136, 0, 13894, 47.153
80, 137, 0, 5170, 47.160
80, 137, 0, 0, 47.168
81, 138, 44, 0, 47.176
81, 139, 96, 0, 47.184
81, 140, 144, 0, 47.192
82, 142, 176, 0, 47.199
82, 143, 188, 0, 47.206
82, 144, 176, 0, 47.214
82, 145, 120, 0, 47.223
82, 145, 64, 0, 47.230
82, 145, 0, 0, 47.238
81, 145, 0, 0, 47.246
81, 145, 0, 19208, 47.253
81, 144, 0, 19576, 47.261
80, 142, 0, 21273, 47.268
80, 141, 0, 22586, 47.275
80, 139, 0, 24091, 47.283
79, 137, 0, 26508, 47.291
79, 136, 0, 27580, 47.298
79, 135, 0, 27708, 47.307
80, 134, 0, 28284, 47.315
80, 134, 0, 27980, 47.321
81, 134, 0, 27820, 47.329
81, 135, 0, 27804, 47.337
82, 136, 0, 27372, 47.344
82, 138, 0, 28108, 47.352
83, 139, 0, 27644, 47.361
83, 141, 0, 27324, 47.369
83, 142, 0, 27196, 47.375
83, 144, 0, 26892, 47.384
83, 145, 0, 27196, 47.390
82, 145, 0, 26908, 47.398
82, 145, 0, 26668, 47.406
82, 145, 0, 27468, 47.413
81, 145, 0, 27548, 47.421
81, 143, 0, 27820, 47.429
81, 142, 0, 28156, 47.438
81, 140, 0, 28204, 47.445
82, 139, 0, 29245, 47.452
82, 137, 0, 29149, 47.460
82, 136, 0, 28813, 47.468
83, 135, 0, 27484, 47.475
83, 134, 0, 24395, 47.483
84, 134, 0, 20169, 47.491
85, 134, 0, 14694, 47.498
85, 135, 0, 8643, 47.506
85, 135, 0, 0, 47.514
86, 137, 8, 0, 47.521
86, 138, 8, 0, 47.529
87, 139, 0, 0, 47.536
87, 140, 0, 0, 47.544
87, 141, 0, 0, 47.553
87, 141, 0, 0, 47.560
87, 141, 0, 14134, 47.568
87, 141, 0, 19096, 47.575
87, 141, 0, 22442, 47.583
87, 141, 0, 24235, 47.591
87, 140, 0, 25051, 47.599
87, 139, 0, 25707, 47.605
87, 138, 0, 27772, 47.614
86, 136, 0, 28829, 47.622
86, 135, 0, 29869, 47.629
86, 135, 0, 31022, 47.636
85, 134, 0, 31278, 47.644
84, 134, 0, 32302, 47.651
84, 133, 0, 32046, 47.659
83, 133, 0, 31358, 47.668
83, 133, 0, 30077, 47.675
82, 134, 0, 27964, 47.682
82, 135, 0, 25419, 47.690
83, 135, 0, 19432, 47.698
83, 136, 0, 10052, 47.706
83, 136, 0, 0, 47.714
84, 139, 40, 0, 47.721
85, 140, 80, 0, 47.729
86, 141, 132, 0, 47.737
87, 141, 160, 0, 47.743
88, 142, 152, 0, 47.751
89, 143, 132, 0, 47.759
90, 143, 0, 0, 47.768
90, 143, 0, 0, 47.775
91, 143, 0, 15911, 47.783
91, 143, 0, 19240, 47.790
91, 143, 0, 22714, 47.798
91, 142, 0, 25275, 47.805
91, 141, 0, 27772, 47.813
90, 140, 0, 28204, 47.821
90, 139, 0, 28525, 47.829
90, 139, 0, 29261, 47.836
90, 138, 0, 29421, 47.843
90, 138, 0, 30301, 47.852
90, 138, 0, 29741, 47.859
90, 138, 0, 29149, 47.866
91, 138, 0, 29485, 47.875
91, 139, 0, 28973, 47.882
91, 140, 0, 28461, 47.889
92, 140, 0, 28236, 47.897
92, 140, 0, 27756, 47.905
92, 140, 0, 28332, 47.912
92, 140, 0, 27964, 47.921
93, 140, 0, 28188, 47.928
93, 139, 0, 28717, 47.936
93, 138, 0, 29117, 47.943
93, 137, 0, 30349, 47.951
93, 137, 0, 30541, 47.960
93, 137, 0, 30141, 47.967
94, 137, 0, 30525, 47.974
94, 138, 0, 30221, 47.982
95, 140, 0, 30349, 47.989
96, 141, 0, 30429, 47.997
97, 143, 0, 29597, 48.004
98, 144, 0, 30269, 48.012
99, 144, 0, 29981, 48.020
100, 144, 0, 29933, 48.027
100, 143, 0, 30365, 48.036
100, 142, 0, 31166, 48.044
101, 140, 0, 32494, 48.050
101, 138, 0, 32767, 48.059
101, 137, 0, 32767, 48.066
101, 136, 0, 32767, 48.073
102, 136, 0, 31422, 48.081
103, 136, 0, 26828, 48.089
103, 137, 0, 19352, 48.097
104, 139, 0, 5410, 48.104
104, 139, 0, 0, 48.112
106, 143, 188, 0, 48.120
107, 146, 409, 0, 48.127
108, 150, 625, 0, 48.135
108, 150, 818, 0, 48.142
108, 150, 954, 0, 48.155
108, 150, 1023, 0, 48.163
108, 150, 1023, 0, 48.180
108, 150, 1023, 0, 48.186
108, 150, 1023, 0, 48.193
108, 150, 1023, 0, 48.200
108, 150, 1023, 0, 48.206
108, 150, 1023, 0, 48.213
108, 150, 1023, 0, 48.220
108, 150, 1023, 0, 48.226
108, 150, 1023, 0, 48.233
108, 150, 1023, 0, 48.240
108, 150, 1023, 0, 48.247
