27, 112, 1023, 0, 43.859
27, 112, 870, 0, 43.861
27, 113, 846, 0, 43.861
27, 114, 810, 0, 43.863
27, 115, 770, 0, 43.871
27, 115, 734, 0, 43.879
27, 117, 698, 0, 43.887
27, 119, 621, 0, 43.895
27, 120, 545, 0, 43.903
27, 122, 485, 0, 43.910
27, 123, 421, 0, 43.918
27, 125, 361, 0, 43.926
27, 126, 296, 0, 43.932
27, 127, 236, 0, 43.940
27, 128, 172, 0, 43.949
27, 129, 84, 0, 43.956
27, 130, 0, 0, 43.964
27, 131, 0, 0, 43.971
27, 131, 0, 0, 43.978
27, 132, 0, 0, 43.987
27, 132, 0, 0, 43.995
27, 133, 0, 11973, 44.002
27, 133, 0, 12181, 44.009
27, 133, 0, 12469, 44.018
26, 134, 0, 12693, 44.025
26, 134, 0, 12837, 44.033
26, 134, 0, 13318, 44.041
26, 134, 0, 14454, 44.048
26, 134, 0, 15078, 44.056
26, 134, 0, 15575, 44.064
26, 134, 0, 15639, 44.071
26, 133, 0, 15367, 44.079
26, 133, 0, 14950, 44.087
26, 131, 0, 15126, 44.095
27, 129, 0, 15431, 44.102
27, 126, 0, 16167, 44.109
28, 122, 0, 16871, 44.118
29, 118, 0, 17223, 44.125
29, 114, 0, 17528, 44.133
30, 110, 0, 17864, 44.141
30, 107, 0, 18456, 44.149
30, 103, 0, 19128, 44.155
30, 100, 0, 20617, 44.163
30, 97, 0, 21321, 44.171
30, 94, 0, 22154, 44.178
30, 92, 0, 22794, 44.186
29, 90, 0, 22986, 44.194
29, 88, 0, 23466, 44.201
28, 86, 0, 23274, 44.210
27, 85, 0, 23354, 44.216
26, 84, 0, 22938, 44.225
25, 84, 0, 21737, 44.233
24, 84, 0, 19192, 44.240
23, 84, 0, 14374, 44.247
22, 85, 0, 7075, 44.256
22, 85, 0, 0, 44.263
21, 89, 92, 0, 44.271
20, 92, 208, 0, 44.279
20, 95, 312, 0, 44.286
20, 99, 417, 0, 44.293
20, 103, 521, 0, 44.302
19, 107, 593, 0, 44.309
19, 111, 613, 0, 44.317
20, 115, 601, 0, 44.325
20, 118, 573, 0, 44.332
21, 122, 489, 0, 44.340
22, 125, 341, 0, 44.348
22, 128, 216, 0, 44.354
22, 130, 80, 0, 44.363
23, 132, 0, 0, 44.370
24, 134, 0, 0, 44.379
24, 135, 0, 19112, 44.387
25, 136, 0, 18776, 44.393
26, 137, 0, 18680, 44.400
26, 137, 0, 18472, 44.409
27, 138, 0, 18056, 44.417
28, 138, 0, 17784, 44.424
29, 138, 0, 17576, 44.433
30, 138, 0, 17431, 44.440
31, 138, 0, 17383, 44.447
32, 138, 0, 17335, 44.455
32, 137, 0, 17207, 44.462
33, 136, 0, 17079, 44.470
33, 134, 0, 18344, 44.478
33, 133, 0, 20009, 44.486
33, 131, 0, 21273, 44.494
32, 128, 0, 22522, 44.501
32, 126, 0, 22842, 44.509
31, 124, 0, 23210, 44.516
30, 121, 0, 23194, 44.524
30, 118, 0, 22522, 44.532
29, 116, 0, 20953, 44.539
28, 113, 0, 17143, 44.547
28, 111, 0, 11253, 44.555
27, 109, 0, 3585, 44.561
27, 109, 0, 0, 44.571
27, 105, 60, 0, 44.578
27, 104, 144, 0, 44.586
27, 102, 224, 0, 44.592
27, 101, 316, 0, 44.601
27, 101, 389, 0, 44.609
28, 100, 453, 0, 44.616
28, 99, 493, 0, 44.624
29, 99, 493, 0, 44.632
29, 98, 461, 0, 44.638
30, 97, 389, 0, 44.647
30, 97, 288, 0, 44.656
31, 96, 184, 0, 44.662
31, 96, 0, 0, 44.669
32, 96, 0, 0, 44.678
32, 96, 0, 19576, 44.684
32, 96, 0, 19272, 44.693
33, 96, 0, 18728, 44.701
33, 96, 0, 18824, 44.709
34, 97, 0, 18632, 44.715
35, 98, 0, 18616, 44.724
36, 100, 0, 18600, 44.730
36, 102, 0, 18424, 44.738
37, 104, 0, 18248, 44.746
38, 106, 0, 18248, 44.753
38, 108, 0, 18232, 44.762
38, 109, 0, 18312, 44.770
38, 111, 0, 18312, 44.777
38, 111, 0, 18312, 44.785
38, 111, 0, 18488, 44.792
38, 111, 0, 19320, 44.799
38, 111, 0, 20169, 44.807
38, 109, 0, 20281, 44.815
38, 108, 0, 20249, 44.822
38, 106, 0, 20073, 44.830
38, 103, 0, 20249, 44.838
38, 101, 0, 20121, 44.846
38, 99, 0, 20169, 44.853
38, 97, 0, 20249, 44.861
38, 96, 0, 20377, 44.869
39, 95, 0, 20329, 44.877
39, 95, 0, 20009, 44.885
40, 95, 0, 19705, 44.893
40, 96, 0, 19592, 44.899
41, 97, 0, 19705, 44.908
41, 99, 0, 19897, 44.915
42, 102, 0, 20073, 44.923
42, 104, 0, 20105, 44.930
43, 107, 0, 20105, 44.938
43, 109, 0, 20281, 44.946
43, 111, 0, 20137, 44.954
43, 113, 0, 20105, 44.961
43, 113, 0, 20137, 44.969
43, 113, 0, 20153, 44.977
43, 113, 0, 20041, 44.985
43, 112, 0, 20297, 44.992
43, 110, 0, 20361, 45.000
43, 108, 0, 20345, 45.007
43, 105, 0, 20329, 45.014
43, 103, 0, 20185, 45.023
42, 101, 0, 20265, 45.030
42, 99, 0, 20297, 45.037
42, 98, 0, 20329, 45.045
42, 97, 0, 20425, 45.053
43, 96, 0, 20297, 45.061
43, 96, 0, 19865, 45.069
43, 97, 0, 19624, 45.077
44, 98, 0, 19833, 45.084
44, 99, 0, 19977, 45.092
44, 101, 0, 20121, 45.100
45, 103, 0, 20105, 45.106
45, 106, 0, 20025, 45.114
46, 108, 0, 20089, 45.123
46, 110, 0, 20153, 45.130
47, 112, 0, 20233, 45.137
47, 113, 0, 20153, 45.146
47, 114, 0, 20169, 45.153
48, 115, 0, 20041, 45.161
48, 115, 0, 20057, 45.169
48, 114, 0, 19881, 45.176
48, 113, 0, 20089, 45.184
48, 112, 0, 20281, 45.191
48, 110, 0, 20425, 45.198
48, 108, 0, 20809, 45.206
47, 105, 0, 20761, 45.214
47, 102, 0, 20809, 45.221
47, 100, 0, 20921, 45.228
47, 97, 0, 21545, 45.237
47, 95, 0, 22026, 45.244
48, 93, 0, 22298, 45.252
48, 92, 0, 22314, 45.260
48, 92, 0, 22346, 45.267
49, 92, 0, 22122, 45.275
49, 93, 0, 21962, 45.283
50, 94, 0, 22122, 45.291
51, 96, 0, 22234, 45.298
51, 98, 0, 22298, 45.306
52, 101, 0, 22490, 45.313
53, 105, 0, 22090, 45.321
54, 108, 0, 21289, 45.329
54, 111, 0, 20281, 45.336
55, 114, 0, 19817, 45.344
56, 116, 0, 19544, 45.352
56, 118, 0, 19689, 45.360
56, 119, 0, 19737, 45.367
56, 120, 0, 19737, 45.375
57, 121, 0, 19817, 45.383
57, 121, 0, 19929, 45.390
57, 121, 0, 19977, 45.399
57, 121, 0, 20025, 45.406
57, 121, 0, 20089, 45.413
57, 120, 0, 20345, 45.421
57, 119, 0, 20857, 45.429
57, 117, 0, 21433, 45.436
57, 115, 0, 21625, 45.444
57, 112, 0, 22010, 45.452
56, 109, 0, 22522, 45.459
56, 105, 0, 23082, 45.468
56, 101, 0, 23546, 45.475
56, 98, 0, 24427, 45.482
56, 94, 0, 25067, 45.490
56, 91, 0, 25371, 45.498
57, 89, 0, 25515, 45.505
57, 87, 0, 25579, 45.513
58, 86, 0, 25531, 45.521
58, 86, 0, 24811, 45.528
59, 86, 0, 24731, 45.537
60, 87, 0, 24683, 45.544
61, 88, 0, 24763, 45.551
62, 89, 0, 24619, 45.560
63, 92, 0, 23482, 45.567
64, 94, 0, 20697, 45.575
65, 97, 0, 17560, 45.583
66, 99, 0, 13061, 45.590
67, 102, 0, 6931, 45.597
67, 102, 0, 0, 45.605
68, 109, 28, 0, 45.613
69, 112, 72, 0, 45.621
69, 115, 112, 0, 45.628
70, 118, 176, 0, 45.637
70, 121, 236, 0, 45.645
71, 124, 288, 0, 45.652
71, 127, 341, 0, 45.660
71, 129, 385, 0, 45.667
71, 131, 425, 0, 45.674
71, 133, 437, 0, 45.682
70, 135, 445, 0, 45.690
70, 136, 469, 0, 45.698
69, 137, 489, 0, 45.706
68, 139, 521, 0, 45.714
67, 140, 541, 0, 45.721
66, 141, 561, 0, 45.729
65, 140, 581, 0, 45.737
63, 141, 581, 0, 45.744
62, 141, 573, 0, 45.752
61, 140, 541, 0, 45.760
59, 138, 509, 0, 45.766
58, 136, 469, 0, 45.776
57, 134, 393, 0, 45.782
56, 132, 312, 0, 45.789
55, 129, 208, 0, 45.797
54, 128, 112, 0, 45.806
53, 126, 0, 0, 45.813
53, 125, 0, 0, 45.821
53, 125, 0, 17560, 45.829
53, 125, 0, 19064, 45.836
54, 125, 0, 18760, 45.843
55, 125, 0, 18776, 45.851
56, 126, 0, 19256, 45.859
58, 127, 0, 19656, 45.867
61, 128, 0, 20185, 45.874
63, 129, 0, 20649, 45.881
66, 131, 0, 20665, 45.890
68, 133, 0, 20761, 45.898
71, 135, 0, 20953, 45.904
73, 137, 0, 20825, 45.912
75, 139, 0, 20425, 45.921
77, 141, 0, 19592, 45.927
78, 143, 0, 17960, 45.936
80, 144, 0, 15751, 45.944
81, 146, 0, 12453, 45.951
82, 147, 0, 6322, 45.958
82, 147, 0, 0, 45.967
82, 149, 132, 0, 45.974
83, 150, 312, 0, 45.981
83, 151, 513, 0, 45.990
83, 151, 706, 0, 45.996
83, 151, 862, 0, 46.004
83, 151, 974, 0, 46.013
83, 151, 1023, 0, 46.026
83, 151, 1023, 0, 46.034
83, 151, 1023, 0, 46.049
83, 151, 1023, 0, 46.057
83, 151, 1023, 0, 46.063
83, 151, 1023, 0, 46.069
83, 151, 1023, 0, 46.077
83, 151, 1023, 0, 46.083
83, 151, 1023, 0, 46.089
83, 151, 1023, 0, 46.097
83, 151, 1023, 0, 46.103
83, 151, 1023, 0, 46.110
83, 151, 1023, 0, 46.117
