28, 125, 1023, 0, 29.880
28, 125, 1023, 0, 29.883
28, 125, 1023, 0, 29.884
28, 125, 1023, 0, 29.885
29, 125, 1023, 0, 29.886
29, 125, 1023, 0, 29.887
29, 125, 1023, 0, 29.889
29, 125, 1023, 0, 29.890
29, 125, 1023, 0, 29.896
30, 125, 1023, 0, 29.903
30, 125, 1023, 0, 29.911
30, 125, 1023, 0, 29.919
30, 125, 1023, 0, 29.927
31, 124, 1023, 0, 29.934
31, 124, 1023, 0, 29.942
31, 123, 1023, 0, 29.950
31, 123, 1023, 0, 29.958
31, 123, 1023, 0, 29.965
31, 123, 1023, 0, 29.972
32, 123, 1023, 0, 29.979
32, 123, 1006, 0, 29.987
32, 123, 950, 0, 29.995
32, 124, 894, 0, 30.003
33, 125, 826, 0, 30.011
33, 126, 758, 0, 30.019
33, 127, 661, 0, 30.027
34, 128, 549, 0, 30.034
34, 129, 397, 0, 30.042
34, 131, 220, 0, 30.050
34, 132, 52, 0, 30.057
35, 132, 0, 0, 30.065
35, 133, 0, 0, 30.073
35, 133, 0, 13110, 30.080
35, 133, 0, 12373, 30.088
35, 133, 0, 11157, 30.095
34, 134, 0, 11205, 30.104
34, 135, 0, 11301, 30.110
34, 135, 0, 11333, 30.119
34, 135, 0, 11349, 30.125
34, 135, 0, 11893, 30.133
34, 135, 0, 12821, 30.141
34, 135, 0, 13910, 30.149
34, 135, 0, 14742, 30.156
34, 135, 0, 15174, 30.165
34, 135, 0, 15286, 30.171
34, 135, 0, 15591, 30.179
35, 134, 0, 16135, 30.187
35, 132, 0, 16951, 30.194
35, 131, 0, 17800, 30.202
36, 129, 0, 18680, 30.210
36, 126, 0, 19416, 30.218
37, 123, 0, 19929, 30.225
37, 120, 0, 20345, 30.233
37, 117, 0, 20569, 30.240
38, 115, 0, 20857, 30.248
38, 112, 0, 21529, 30.256
38, 111, 0, 22554, 30.263
38, 109, 0, 23770, 30.271
38, 108, 0, 24571, 30.279
38, 108, 0, 25115, 30.288
37, 107, 0, 25563, 30.295
36, 106, 0, 25675, 30.303
36, 106, 0, 25563, 30.310
35, 106, 0, 25003, 30.319
34, 106, 0, 23802, 30.326
33, 106, 0, 21289, 30.333
32, 107, 0, 17560, 30.341
31, 108, 0, 13990, 30.350
30, 110, 0, 9588, 30.357
30, 112, 0, 3665, 30.364
30, 112, 0, 0, 30.372
29, 117, 20, 0, 30.380
29, 120, 40, 0, 30.387
29, 122, 48, 0, 30.395
30, 125, 48, 0, 30.403
30, 128, 28, 0, 30.410
31, 130, 0, 0, 30.418
32, 133, 0, 0, 30.426
33, 135, 0, 9300, 30.432
34, 136, 0, 9508, 30.441
35, 138, 0, 11285, 30.449
36, 139, 0, 12693, 30.456
37, 140, 0, 13318, 30.464
38, 141, 0, 13702, 30.472
39, 141, 0, 14198, 30.479
40, 141, 0, 14694, 30.486
41, 141, 0, 15463, 30.494
41, 141, 0, 16567, 30.501
42, 140, 0, 18344, 30.510
42, 139, 0, 20153, 30.517
42, 138, 0, 22474, 30.524
41, 136, 0, 24059, 30.532
41, 133, 0, 24827, 30.541
40, 131, 0, 25371, 30.550
38, 128, 0, 25867, 30.555
37, 125, 0, 26027, 30.564
36, 122, 0, 26139, 30.571
35, 119, 0, 25931, 30.579
34, 117, 0, 24715, 30.587
33, 115, 0, 21465, 30.593
33, 114, 0, 17528, 30.601
33, 113, 0, 11573, 30.610
33, 112, 0, 1088, 30.617
33, 112, 0, 0, 30.624
34, 111, 52, 0, 30.632
35, 111, 96, 0, 30.639
36, 111, 108, 0, 30.647
36, 112, 64, 0, 30.655
37, 112, 8, 0, 30.663
37, 112, 0, 0, 30.671
38, 113, 0, 0, 30.679
38, 113, 0, 0, 30.686
38, 114, 0, 15094, 30.694
38, 114, 0, 15174, 30.702
39, 115, 0, 15383, 30.710
40, 116, 0, 15575, 30.718
41, 117, 0, 15607, 30.726
41, 117, 0, 15623, 30.733
42, 118, 0, 15655, 30.741
42, 118, 0, 15415, 30.749
43, 119, 0, 13622, 30.756
43, 119, 0, 11589, 30.763
44, 120, 0, 8515, 30.772
44, 120, 0, 3681, 30.779
44, 121, 0, 1264, 30.786
44, 122, 0, 4017, 30.794
44, 122, 0, 8499, 30.802
43, 123, 0, 11909, 30.809
43, 123, 0, 14790, 30.818
42, 123, 0, 17560, 30.825
42, 123, 0, 19737, 30.833
42, 122, 0, 20233, 30.841
41, 120, 0, 20345, 30.848
41, 118, 0, 20361, 30.855
41, 116, 0, 20393, 30.863
41, 114, 0, 20553, 30.871
41, 113, 0, 20921, 30.877
42, 112, 0, 21065, 30.886
42, 112, 0, 20905, 30.894
43, 112, 0, 20665, 30.901
43, 113, 0, 20569, 30.910
44, 114, 0, 20601, 30.917
44, 116, 0, 20729, 30.924
45, 118, 0, 20665, 30.932
45, 119, 0, 20745, 30.940
45, 121, 0, 20697, 30.948
45, 122, 0, 20841, 30.955
45, 123, 0, 20985, 30.963
44, 123, 0, 21065, 30.970
44, 123, 0, 21305, 30.978
44, 123, 0, 21465, 30.986
43, 122, 0, 21193, 30.993
43, 121, 0, 21049, 31.001
43, 119, 0, 20873, 31.008
42, 118, 0, 20633, 31.017
42, 117, 0, 20025, 31.024
42, 116, 0, 19913, 31.032
42, 115, 0, 19608, 31.040
43, 115, 0, 15623, 31.046
43, 116, 0, 13798, 31.054
44, 118, 0, 12901, 31.062
44, 119, 0, 12613, 31.070
45, 121, 0, 12533, 31.077
45, 122, 0, 12613, 31.085
46, 124, 0, 13029, 31.092
46, 125, 0, 14630, 31.100
46, 126, 0, 16183, 31.108
46, 126, 0, 17255, 31.116
47, 127, 0, 18008, 31.123
47, 126, 0, 20121, 31.132
47, 126, 0, 21593, 31.139
46, 124, 0, 21721, 31.147
46, 123, 0, 21785, 31.155
46, 121, 0, 21962, 31.162
46, 118, 0, 21930, 31.171
47, 116, 0, 21946, 31.178
47, 114, 0, 21882, 31.185
47, 113, 0, 21978, 31.194
47, 112, 0, 21866, 31.202
48, 111, 0, 21321, 31.208
48, 111, 0, 20313, 31.216
48, 112, 0, 19817, 31.224
49, 112, 0, 19432, 31.232
49, 113, 0, 19448, 31.240
49, 115, 0, 19416, 31.247
49, 116, 0, 19464, 31.254
50, 118, 0, 19448, 31.262
50, 120, 0, 19496, 31.271
51, 122, 0, 19737, 31.278
51, 124, 0, 20153, 31.285
51, 125, 0, 20713, 31.293
51, 127, 0, 21097, 31.302
52, 128, 0, 21177, 31.308
52, 129, 0, 21401, 31.316
52, 130, 0, 21561, 31.323
52, 130, 0, 22090, 31.332
52, 130, 0, 23018, 31.338
52, 130, 0, 23754, 31.346
51, 130, 0, 24203, 31.354
51, 130, 0, 24507, 31.362
51, 130, 0, 24763, 31.370
51, 130, 0, 24875, 31.377
51, 130, 0, 24763, 31.385
51, 128, 0, 24667, 31.392
51, 127, 0, 24667, 31.401
51, 125, 0, 24683, 31.408
51, 123, 0, 24875, 31.416
51, 121, 0, 25019, 31.423
51, 119, 0, 24875, 31.431
51, 118, 0, 24827, 31.440
52, 116, 0, 24859, 31.446
52, 116, 0, 24651, 31.454
53, 115, 0, 24427, 31.462
53, 115, 0, 24219, 31.470
54, 116, 0, 24107, 31.477
54, 117, 0, 24203, 31.486
54, 118, 0, 24411, 31.492
55, 119, 0, 24507, 31.501
55, 120, 0, 24603, 31.508
55, 121, 0, 24715, 31.515
56, 123, 0, 24875, 31.523
56, 125, 0, 25435, 31.531
56, 126, 0, 25627, 31.538
57, 128, 0, 25659, 31.545
57, 130, 0, 25595, 31.553
57, 131, 0, 25755, 31.561
57, 133, 0, 25723, 31.570
57, 134, 0, 25803, 31.576
57, 134, 0, 25835, 31.584
57, 135, 0, 25979, 31.591
57, 135, 0, 26588, 31.600
57, 135, 0, 27116, 31.607
57, 135, 0, 27292, 31.615
57, 135, 0, 27612, 31.622
57, 135, 0, 27916, 31.630
57, 135, 0, 28108, 31.637
57, 135, 0, 28092, 31.645
57, 135, 0, 28076, 31.653
57, 135, 0, 27980, 31.662
57, 134, 0, 27884, 31.669
57, 133, 0, 27820, 31.677
57, 132, 0, 27788, 31.684
57, 131, 0, 27916, 31.691
57, 129, 0, 28012, 31.700
57, 127, 0, 28252, 31.707
57, 125, 0, 28413, 31.715
57, 124, 0, 29021, 31.721
57, 123, 0, 29053, 31.730
57, 122, 0, 29053, 31.738
57, 121, 0, 28941, 31.745
58, 121, 0, 28813, 31.753
58, 120, 0, 28669, 31.761
58, 120, 0, 28477, 31.769
58, 120, 0, 28380, 31.776
58, 120, 0, 27820, 31.784
59, 120, 0, 26332, 31.792
59, 120, 0, 23898, 31.800
59, 120, 0, 19961, 31.807
59, 121, 0, 13622, 31.814
60, 122, 0, 4033, 31.823
60, 122, 0, 0, 31.831
60, 125, 52, 0, 31.837
60, 127, 108, 0, 31.844
61, 130, 164, 0, 31.852
61, 133, 228, 0, 31.860
62, 137, 284, 0, 31.868
62, 140, 316, 0, 31.875
62, 143, 328, 0, 31.883
63, 145, 304, 0, 31.890
63, 147, 272, 0, 31.899
63, 149, 184, 0, 31.907
63, 150, 96, 0, 31.914
63, 150, 0, 0, 31.922
63, 151, 0, 0, 31.931
63, 151, 0, 18888, 31.937
63, 151, 0, 18648, 31.944
62, 151, 0, 18536, 31.952
62, 151, 0, 19112, 31.959
61, 151, 0, 19737, 31.968
61, 151, 0, 20841, 31.976
61, 150, 0, 22106, 31.983
60, 150, 0, 22890, 31.990
60, 150, 0, 23354, 31.999
60, 147, 0, 23722, 32.006
60, 145, 0, 24459, 32.014
59, 142, 0, 25291, 32.021
59, 139, 0, 26059, 32.029
59, 135, 0, 26684, 32.036
58, 131, 0, 27132, 32.045
58, 127, 0, 27228, 32.053
58, 124, 0, 27564, 32.060
58, 121, 0, 28012, 32.068
58, 119, 0, 28252, 32.075
58, 118, 0, 28332, 32.083
58, 117, 0, 28188, 32.091
59, 117, 0, 27916, 32.099
59, 117, 0, 27532, 32.106
59, 118, 0, 26684, 32.115
59, 118, 0, 24651, 32.122
59, 120, 0, 21753, 32.130
59, 122, 0, 17271, 32.137
60, 124, 0, 10116, 32.145
60, 127, 0, 1056, 32.152
60, 127, 0, 0, 32.161
60, 134, 52, 0, 32.168
60, 137, 96, 0, 32.175
60, 137, 108, 0, 32.183
59, 144, 96, 0, 32.191
59, 146, 64, 0, 32.199
58, 148, 32, 0, 32.206
58, 149, 0, 0, 32.213
58, 150, 0, 0, 32.220
58, 150, 0, 19833, 32.229
58, 150, 0, 21978, 32.237
59, 149, 0, 22890, 32.243
60, 148, 0, 24315, 32.251
61, 148, 0, 26780, 32.259
63, 148, 0, 28829, 32.267
64, 148, 0, 29933, 32.276
66, 148, 0, 30365, 32.283
68, 148, 0, 30798, 32.289
70, 149, 0, 30846, 32.297
71, 150, 0, 30221, 32.305
72, 151, 0, 28108, 32.312
73, 151, 0, 24235, 32.320
73, 152, 0, 18232, 32.328
73, 152, 0, 4530, 32.336
73, 152, 0, 0, 32.343
73, 154, 248, 0, 32.351
73, 154, 517, 0, 32.358
73, 154, 742, 0, 32.367
73, 154, 922, 0, 32.380
73, 154, 1023, 0, 32.388
73, 154, 1023, 0, 32.404
73, 154, 1023, 0, 32.411
73, 154, 1023, 0, 32.418
73, 154, 1023, 0, 32.424
73, 154, 1023, 0, 32.431
73, 154, 1023, 0, 32.438
73, 154, 1023, 0, 32.444
73, 154, 1023, 0, 32.451
73, 154, 1023, 0, 32.458
73, 154, 1023, 0, 32.465
73, 154, 1023, 0, 32.471
