33, 146, 1023, 0, 51.536
33, 146, 998, 0, 51.537
33, 147, 974, 0, 51.537
33, 148, 954, 0, 51.539
33, 148, 942, 0, 51.546
33, 148, 922, 0, 51.554
33, 149, 898, 0, 51.562
33, 150, 854, 0, 51.570
33, 152, 798, 0, 51.577
33, 153, 742, 0, 51.585
33, 154, 677, 0, 51.593
34, 155, 597, 0, 51.600
34, 156, 509, 0, 51.608
34, 157, 409, 0, 51.616
35, 157, 296, 0, 51.623
35, 158, 176, 0, 51.631
35, 158, 64, 0, 51.639
35, 158, 0, 0, 51.646
36, 158, 0, 0, 51.654
36, 158, 0, 11957, 51.662
36, 158, 0, 11013, 51.669
36, 157, 0, 11349, 51.677
36, 156, 0, 11381, 51.685
36, 155, 0, 11413, 51.693
37, 154, 0, 11477, 51.700
37, 152, 0, 11877, 51.708
38, 150, 0, 12901, 51.715
39, 148, 0, 13894, 51.723
39, 145, 0, 14710, 51.731
40, 142, 0, 15319, 51.738
41, 138, 0, 15847, 51.746
41, 135, 0, 16247, 51.754
42, 131, 0, 16695, 51.761
42, 127, 0, 17480, 51.770
42, 123, 0, 18968, 51.777
42, 119, 0, 20457, 51.784
42, 116, 0, 21625, 51.792
42, 112, 0, 22170, 51.800
41, 109, 0, 22810, 51.808
40, 106, 0, 23402, 51.815
39, 103, 0, 23706, 51.823
39, 101, 0, 24091, 51.831
38, 99, 0, 24187, 51.838
36, 98, 0, 24523, 51.846
35, 97, 0, 24539, 51.854
34, 97, 0, 23882, 51.861
33, 97, 0, 21833, 51.869
31, 98, 0, 19416, 51.877
30, 100, 0, 17159, 51.884
29, 102, 0, 14534, 51.892
28, 104, 0, 11941, 51.900
27, 107, 0, 10564, 51.907
26, 111, 0, 9076, 51.915
26, 114, 0, 7651, 51.923
26, 118, 0, 6819, 51.930
26, 121, 0, 6579, 51.938
26, 125, 0, 6066, 51.946
27, 129, 0, 4642, 51.953
28, 133, 0, 3313, 51.961
29, 136, 0, 2465, 51.969
30, 140, 0, 2465, 51.976
31, 143, 0, 3473, 51.984
32, 146, 0, 5186, 51.992
33, 148, 0, 6723, 51.999
35, 150, 0, 8355, 52.007
36, 151, 0, 10164, 52.015
37, 152, 0, 12293, 52.022
39, 154, 0, 14230, 52.030
41, 155, 0, 15767, 52.037
42, 156, 0, 16599, 52.045
44, 156, 0, 16727, 52.054
45, 157, 0, 16839, 52.061
47, 157, 0, 16791, 52.069
48, 157, 0, 16663, 52.076
50, 157, 0, 16551, 52.084
50, 155, 0, 15238, 52.091
51, 153, 0, 12789, 52.099
51, 150, 0, 9812, 52.107
50, 147, 0, 1664, 52.114
50, 147, 0, 0, 52.123
49, 140, 64, 0, 52.130
47, 137, 96, 0, 52.137
46, 133, 120, 0, 52.145
44, 129, 120, 0, 52.154
42, 126, 84, 0, 52.160
41, 123, 32, 0, 52.169
39, 120, 0, 0, 52.176
38, 118, 0, 0, 52.184
37, 116, 0, 17816, 52.192
37, 115, 0, 19336, 52.199
37, 114, 0, 19785, 52.207
37, 114, 0, 19673, 52.214
37, 114, 0, 18296, 52.222
38, 114, 0, 18200, 52.230
39, 115, 0, 18104, 52.237
40, 117, 0, 18200, 52.246
41, 118, 0, 18376, 52.253
42, 120, 0, 18504, 52.260
43, 122, 0, 18552, 52.268
44, 124, 0, 18648, 52.275
45, 125, 0, 18776, 52.284
46, 127, 0, 18728, 52.291
46, 128, 0, 18744, 52.299
47, 129, 0, 18664, 52.306
47, 129, 0, 18728, 52.315
48, 130, 0, 18776, 52.323
48, 130, 0, 18888, 52.330
48, 130, 0, 19080, 52.337
48, 130, 0, 19576, 52.345
48, 130, 0, 20713, 52.353
48, 130, 0, 21577, 52.361
47, 129, 0, 21609, 52.370
47, 128, 0, 21497, 52.375
47, 127, 0, 21513, 52.383
47, 126, 0, 21577, 52.391
47, 124, 0, 21817, 52.398
48, 122, 0, 21994, 52.407
48, 119, 0, 22202, 52.414
49, 118, 0, 22202, 52.421
49, 116, 0, 22090, 52.430
50, 115, 0, 22122, 52.437
50, 115, 0, 22058, 52.444
51, 115, 0, 21625, 52.452
51, 116, 0, 21529, 52.460
51, 118, 0, 21866, 52.468
52, 120, 0, 22010, 52.475
52, 122, 0, 22202, 52.484
53, 125, 0, 22170, 52.490
53, 127, 0, 22474, 52.499
53, 130, 0, 22122, 52.507
53, 132, 0, 22074, 52.514
53, 133, 0, 21673, 52.521
52, 134, 0, 21513, 52.530
52, 134, 0, 21657, 52.536
51, 133, 0, 21593, 52.544
51, 131, 0, 21882, 52.553
50, 129, 0, 22186, 52.561
50, 127, 0, 22362, 52.568
50, 124, 0, 22458, 52.576
49, 121, 0, 22778, 52.584
49, 119, 0, 23274, 52.590
49, 116, 0, 23546, 52.598
49, 115, 0, 23610, 52.606
50, 114, 0, 23706, 52.614
50, 114, 0, 23514, 52.622
51, 114, 0, 23050, 52.630
51, 115, 0, 23098, 52.636
52, 117, 0, 23498, 52.645
53, 119, 0, 23562, 52.652
54, 121, 0, 23722, 52.659
54, 124, 0, 23754, 52.668
55, 127, 0, 23850, 52.676
56, 130, 0, 23802, 52.683
57, 133, 0, 23354, 52.691
57, 135, 0, 22890, 52.699
58, 137, 0, 22762, 52.705
58, 138, 0, 22794, 52.713
59, 139, 0, 22858, 52.721
59, 139, 0, 22922, 52.728
59, 139, 0, 22938, 52.736
59, 139, 0, 23082, 52.744
59, 138, 0, 23386, 52.752
59, 136, 0, 23834, 52.759
59, 134, 0, 23898, 52.767
58, 132, 0, 24075, 52.775
58, 129, 0, 24187, 52.782
58, 126, 0, 24843, 52.791
58, 122, 0, 25755, 52.798
58, 119, 0, 26684, 52.806
58, 115, 0, 26796, 52.814
58, 112, 0, 27228, 52.820
58, 109, 0, 27644, 52.828
58, 107, 0, 27884, 52.837
58, 106, 0, 28236, 52.844
59, 105, 0, 28220, 52.851
59, 105, 0, 27708, 52.859
60, 106, 0, 27580, 52.867
60, 108, 0, 27916, 52.874
61, 111, 0, 28092, 52.882
62, 114, 0, 28188, 52.889
63, 117, 0, 27884, 52.898
64, 121, 0, 27420, 52.905
65, 125, 0, 26540, 52.912
66, 129, 0, 25771, 52.920
67, 132, 0, 24843, 52.928
68, 134, 0, 24811, 52.936
68, 136, 0, 24923, 52.943
69, 138, 0, 25099, 52.951
69, 139, 0, 25243, 52.958
69, 139, 0, 25323, 52.966
69, 139, 0, 25515, 52.974
69, 139, 0, 25899, 52.982
69, 138, 0, 26236, 52.989
69, 137, 0, 26332, 52.997
69, 136, 0, 26476, 53.005
68, 134, 0, 26524, 53.012
68, 131, 0, 26508, 53.020
67, 127, 0, 26700, 53.028
67, 123, 0, 27532, 53.035
67, 118, 0, 28124, 53.044
66, 114, 0, 28701, 53.051
66, 109, 0, 29149, 53.059
66, 105, 0, 29725, 53.067
66, 101, 0, 29901, 53.075
67, 98, 0, 30606, 53.082
67, 97, 0, 30926, 53.090
68, 96, 0, 31102, 53.098
68, 96, 0, 30942, 53.104
69, 97, 0, 30878, 53.112
70, 99, 0, 30654, 53.120
71, 101, 0, 29917, 53.127
73, 103, 0, 27420, 53.135
74, 105, 0, 24219, 53.143
75, 108, 0, 20361, 53.150
76, 110, 0, 15238, 53.158
77, 113, 0, 6931, 53.166
77, 113, 0, 0, 53.173
78, 119, 76, 0, 53.181
78, 122, 156, 0, 53.189
78, 126, 232, 0, 53.197
79, 130, 336, 0, 53.204
79, 133, 425, 0, 53.213
78, 137, 505, 0, 53.221
78, 140, 537, 0, 53.228
78, 143, 549, 0, 53.236
78, 145, 549, 0, 53.242
77, 146, 505, 0, 53.250
76, 147, 437, 0, 53.258
75, 146, 336, 0, 53.266
74, 145, 212, 0, 53.273
73, 144, 88, 0, 53.282
71, 142, 0, 0, 53.288
70, 141, 0, 0, 53.297
69, 139, 0, 20393, 53.305
67, 138, 0, 20537, 53.313
67, 137, 0, 20409, 53.320
66, 136, 0, 20473, 53.328
65, 135, 0, 20361, 53.335
65, 134, 0, 20393, 53.342
65, 134, 0, 20313, 53.350
65, 134, 0, 20185, 53.359
65, 134, 0, 20169, 53.366
65, 134, 0, 20185, 53.374
65, 134, 0, 19737, 53.382
66, 134, 0, 19721, 53.388
67, 134, 0, 21497, 53.396
69, 135, 0, 25387, 53.404
72, 135, 0, 28316, 53.411
74, 137, 0, 30061, 53.420
77, 138, 0, 31246, 53.427
81, 140, 0, 31630, 53.435
84, 143, 0, 31870, 53.443
87, 145, 0, 30237, 53.450
90, 148, 0, 26187, 53.457
92, 150, 0, 19352, 53.466
94, 153, 0, 4562, 53.474
94, 153, 0, 0, 53.481
97, 158, 248, 0, 53.488
98, 160, 501, 0, 53.497
98, 160, 726, 0, 53.504
98, 160, 894, 0, 53.511
98, 160, 1023, 0, 53.525
98, 160, 1023, 0, 53.532
98, 160, 1023, 0, 53.548
98, 160, 1023, 0, 53.555
98, 160, 1023, 0, 53.561
98, 160, 1023, 0, 53.568
98, 160, 1023, 0, 53.575
98, 160, 1023, 0, 53.583
98, 160, 1023, 0, 53.588
98, 160, 1023, 0, 53.595
98, 160, 1023, 0, 53.602
98, 160, 1023, 0, 53.608
98, 160, 1023, 0, 53.615
