35, 150, 1023, 0, 13.924
35, 150, 553, 0, 13.925
35, 151, 477, 0, 13.926
35, 151, 401, 0, 13.927
36, 152, 320, 0, 13.934
36, 152, 244, 0, 13.943
36, 153, 152, 0, 13.949
36, 154, 12, 0, 13.957
36, 154, 0, 0, 13.965
36, 155, 0, 0, 13.972
36, 155, 0, 13990, 13.980
36, 155, 0, 14230, 13.988
36, 155, 0, 14310, 13.996
36, 155, 0, 14390, 14.004
36, 155, 0, 14454, 14.011
36, 155, 0, 14438, 14.019
37, 154, 0, 14486, 14.027
37, 152, 0, 14550, 14.035
38, 150, 0, 14822, 14.041
39, 148, 0, 15367, 14.050
40, 144, 0, 16055, 14.058
41, 141, 0, 16807, 14.064
41, 136, 0, 17576, 14.072
42, 132, 0, 18888, 14.080
43, 127, 0, 20281, 14.087
43, 122, 0, 21401, 14.095
43, 117, 0, 23002, 14.103
43, 113, 0, 23978, 14.110
43, 109, 0, 25179, 14.118
43, 106, 0, 25851, 14.126
42, 103, 0, 25787, 14.134
41, 100, 0, 25835, 14.141
40, 98, 0, 26027, 14.149
39, 97, 0, 26155, 14.157
38, 96, 0, 26316, 14.164
37, 95, 0, 26444, 14.172
36, 95, 0, 26444, 14.179
34, 94, 0, 26396, 14.187
33, 94, 0, 26043, 14.195
32, 95, 0, 24923, 14.203
30, 96, 0, 22874, 14.210
29, 97, 0, 19416, 14.218
28, 99, 0, 12901, 14.226
28, 99, 0, 0, 14.233
27, 103, 0, 0, 14.241
27, 106, 152, 0, 14.249
26, 108, 328, 0, 14.256
26, 111, 493, 0, 14.264
26, 114, 633, 0, 14.273
26, 118, 738, 0, 14.279
27, 121, 810, 0, 14.287
27, 125, 822, 0, 14.296
27, 128, 774, 0, 14.302
28, 132, 690, 0, 14.311
29, 135, 525, 0, 14.319
29, 137, 341, 0, 14.327
30, 139, 164, 0, 14.334
30, 140, 0, 0, 14.342
30, 141, 0, 0, 14.349
31, 142, 0, 23626, 14.357
31, 142, 0, 23418, 14.365
31, 142, 0, 22650, 14.371
32, 143, 0, 22490, 14.380
33, 144, 0, 22474, 14.388
34, 145, 0, 22346, 14.395
36, 147, 0, 22250, 14.402
38, 148, 0, 22394, 14.411
39, 149, 0, 22362, 14.418
41, 150, 0, 22234, 14.426
42, 151, 0, 22026, 14.434
43, 151, 0, 21753, 14.441
44, 150, 0, 21449, 14.449
45, 149, 0, 21193, 14.457
46, 148, 0, 21449, 14.464
46, 147, 0, 22122, 14.472
46, 145, 0, 22778, 14.479
46, 143, 0, 23018, 14.487
46, 141, 0, 23210, 14.494
45, 138, 0, 22266, 14.503
45, 135, 0, 16791, 14.510
43, 132, 0, 4017, 14.517
43, 132, 0, 0, 14.526
41, 126, 140, 0, 14.533
40, 122, 304, 0, 14.541
38, 119, 445, 0, 14.549
38, 116, 573, 0, 14.556
37, 113, 661, 0, 14.564
37, 110, 702, 0, 14.571
37, 108, 702, 0, 14.580
37, 106, 649, 0, 14.586
38, 104, 561, 0, 14.595
38, 103, 381, 0, 14.601
39, 102, 204, 0, 14.610
40, 102, 36, 0, 14.617
41, 102, 0, 0, 14.625
41, 103, 0, 0, 14.633
42, 103, 0, 22410, 14.641
43, 104, 0, 22298, 14.649
44, 105, 0, 22058, 14.656
45, 106, 0, 21769, 14.663
46, 108, 0, 20665, 14.672
47, 109, 0, 19881, 14.679
48, 111, 0, 19224, 14.687
49, 114, 0, 18856, 14.694
49, 116, 0, 18696, 14.701
50, 119, 0, 18760, 14.709
50, 121, 0, 18952, 14.718
51, 123, 0, 19000, 14.725
51, 124, 0, 19032, 14.733
50, 124, 0, 19865, 14.740
50, 124, 0, 21353, 14.747
49, 123, 0, 22170, 14.755
49, 121, 0, 22474, 14.763
48, 119, 0, 22490, 14.770
48, 116, 0, 22538, 14.779
48, 113, 0, 22410, 14.786
48, 110, 0, 22426, 14.794
48, 107, 0, 22602, 14.802
48, 105, 0, 22618, 14.809
49, 104, 0, 22458, 14.816
49, 103, 0, 22490, 14.824
50, 102, 0, 22330, 14.833
50, 102, 0, 21898, 14.840
51, 103, 0, 22010, 14.848
51, 105, 0, 22378, 14.855
51, 107, 0, 22954, 14.863
51, 109, 0, 23162, 14.871
51, 112, 0, 23226, 14.879
51, 114, 0, 23162, 14.886
51, 116, 0, 23082, 14.893
51, 118, 0, 22938, 14.902
51, 119, 0, 23066, 14.910
51, 119, 0, 23274, 14.916
51, 119, 0, 24107, 14.925
50, 118, 0, 24347, 14.932
50, 116, 0, 24331, 14.939
50, 115, 0, 24283, 14.948
50, 113, 0, 24010, 14.955
50, 111, 0, 23754, 14.962
50, 109, 0, 23466, 14.970
50, 108, 0, 23178, 14.979
50, 107, 0, 22490, 14.986
50, 107, 0, 21801, 14.994
51, 107, 0, 21097, 15.001
51, 108, 0, 21001, 15.008
52, 110, 0, 21097, 15.016
52, 112, 0, 21289, 15.023
52, 114, 0, 21273, 15.032
53, 116, 0, 21257, 15.039
53, 119, 0, 21113, 15.048
54, 121, 0, 21145, 15.055
54, 123, 0, 21065, 15.063
54, 124, 0, 21097, 15.069
55, 124, 0, 21081, 15.078
55, 125, 0, 20905, 15.086
55, 124, 0, 20905, 15.093
55, 124, 0, 21433, 15.100
55, 122, 0, 21914, 15.108
55, 121, 0, 22010, 15.117
55, 119, 0, 22298, 15.124
55, 117, 0, 22410, 15.132
56, 115, 0, 23146, 15.139
56, 113, 0, 23850, 15.147
56, 110, 0, 24587, 15.155
57, 108, 0, 24955, 15.163
57, 107, 0, 24875, 15.170
58, 105, 0, 25067, 15.177
59, 104, 0, 24891, 15.185
59, 104, 0, 24667, 15.192
60, 104, 0, 24507, 15.200
60, 105, 0, 24571, 15.208
61, 106, 0, 24715, 15.215
62, 108, 0, 24955, 15.222
62, 111, 0, 24875, 15.232
63, 114, 0, 25003, 15.238
64, 117, 0, 24875, 15.246
65, 120, 0, 24299, 15.254
65, 123, 0, 24123, 15.261
66, 125, 0, 24315, 15.269
67, 127, 0, 24427, 15.277
67, 128, 0, 24363, 15.284
67, 128, 0, 24251, 15.293
67, 128, 0, 24443, 15.301
67, 128, 0, 24859, 15.309
67, 127, 0, 25099, 15.316
66, 125, 0, 25243, 15.323
66, 123, 0, 25211, 15.332
66, 121, 0, 25547, 15.339
65, 118, 0, 25819, 15.347
65, 114, 0, 26027, 15.355
65, 110, 0, 26572, 15.362
65, 106, 0, 27420, 15.370
65, 102, 0, 28156, 15.378
66, 98, 0, 28669, 15.385
66, 95, 0, 28957, 15.393
67, 93, 0, 28989, 15.401
67, 92, 0, 28877, 15.408
68, 91, 0, 28461, 15.416
68, 92, 0, 26476, 15.424
69, 94, 0, 24411, 15.430
69, 96, 0, 21321, 15.438
70, 99, 0, 15815, 15.446
70, 102, 0, 7619, 15.454
70, 102, 0, 0, 15.462
70, 109, 20, 0, 15.469
70, 113, 52, 0, 15.477
70, 117, 108, 0, 15.485
70, 121, 152, 0, 15.492
69, 125, 152, 0, 15.499
69, 128, 132, 0, 15.507
69, 130, 88, 0, 15.515
69, 132, 44, 0, 15.522
68, 133, 0, 0, 15.531
68, 134, 0, 0, 15.538
67, 134, 0, 16999, 15.544
66, 133, 0, 17271, 15.554
65, 132, 0, 18072, 15.562
65, 131, 0, 19032, 15.569
64, 130, 0, 20297, 15.576
64, 129, 0, 21417, 15.585
63, 128, 0, 22186, 15.591
63, 127, 0, 23114, 15.600
64, 127, 0, 24123, 15.607
65, 126, 0, 24955, 15.614
66, 126, 0, 26476, 15.622
68, 126, 0, 28172, 15.630
70, 126, 0, 29709, 15.637
72, 127, 0, 30237, 15.645
75, 129, 0, 30285, 15.652
77, 131, 0, 29949, 15.660
79, 133, 0, 28044, 15.669
81, 136, 0, 23866, 15.676
83, 139, 0, 16871, 15.682
85, 141, 0, 1600, 15.692
85, 141, 0, 0, 15.699
87, 146, 220, 0, 15.706
89, 149, 441, 0, 15.714
89, 149, 661, 0, 15.722
89, 149, 842, 0, 15.730
89, 149, 978, 0, 15.743
89, 149, 1023, 0, 15.752
89, 149, 1023, 0, 15.768
89, 149, 1023, 0, 15.773
89, 149, 1023, 0, 15.780
89, 149, 1023, 0, 15.788
89, 149, 1023, 0, 15.794
89, 149, 1023, 0, 15.800
89, 149, 1023, 0, 15.808
89, 149, 1023, 0, 15.814
89, 149, 1023, 0, 15.821
89, 149, 1023, 0, 15.828
89, 149, 1023, 0, 15.834
