23, 146, 1023, 0, 59.942
23, 146, 645, 0, 59.943
24, 146, 569, 0, 59.943
24, 146, 469, 0, 59.947
24, 147, 381, 0, 59.956
24, 147, 284, 0, 59.963
24, 147, 208, 0, 59.971
24, 147, 0, 0, 59.979
25, 147, 0, 0, 59.986
25, 147, 0, 16775, 59.994
25, 147, 0, 16871, 00.002
25, 147, 0, 16647, 00.010
25, 147, 0, 16247, 00.016
25, 147, 0, 15879, 00.024
25, 146, 0, 15959, 00.032
26, 145, 0, 15863, 00.039
26, 144, 0, 15767, 00.047
27, 143, 0, 16087, 00.055
27, 141, 0, 16135, 00.062
28, 139, 0, 16455, 00.070
29, 137, 0, 17111, 00.078
29, 134, 0, 17608, 00.085
30, 131, 0, 18264, 00.093
30, 128, 0, 18760, 00.101
30, 125, 0, 19721, 00.108
30, 122, 0, 20953, 00.116
30, 120, 0, 21785, 00.124
30, 117, 0, 22442, 00.131
29, 114, 0, 22874, 00.139
29, 112, 0, 23002, 00.147
28, 110, 0, 23546, 00.154
27, 108, 0, 23594, 00.162
27, 107, 0, 23850, 00.170
26, 106, 0, 23690, 00.178
25, 105, 0, 23610, 00.185
24, 105, 0, 23242, 00.194
23, 104, 0, 20969, 00.200
22, 105, 0, 16967, 00.208
21, 105, 0, 12133, 00.217
19, 107, 0, 6851, 00.225
19, 107, 0, 0, 00.232
18, 111, 80, 0, 00.239
17, 114, 172, 0, 00.247
17, 117, 252, 0, 00.255
17, 121, 316, 0, 00.263
18, 124, 316, 0, 00.271
19, 127, 264, 0, 00.277
19, 130, 180, 0, 00.286
20, 133, 88, 0, 00.294
21, 135, 0, 0, 00.302
21, 137, 0, 0, 00.309
22, 138, 0, 14918, 00.317
22, 140, 0, 14998, 00.324
22, 141, 0, 15094, 00.332
23, 143, 0, 15991, 00.339
24, 145, 0, 16823, 00.348
25, 146, 0, 17880, 00.355
26, 148, 0, 17976, 00.362
28, 149, 0, 18248, 00.370
29, 150, 0, 18504, 00.380
30, 151, 0, 18632, 00.386
31, 151, 0, 18904, 00.393
32, 151, 0, 18696, 00.401
33, 150, 0, 18600, 00.409
34, 150, 0, 18760, 00.416
34, 149, 0, 18920, 00.423
34, 148, 0, 20201, 00.432
34, 146, 0, 21577, 00.439
34, 145, 0, 22426, 00.447
34, 143, 0, 23386, 00.455
33, 141, 0, 23674, 00.461
32, 138, 0, 23866, 00.469
31, 135, 0, 24026, 00.477
30, 132, 0, 23722, 00.485
28, 130, 0, 22362, 00.494
27, 127, 0, 19496, 00.500
26, 125, 0, 15351, 00.508
26, 124, 0, 8387, 00.516
26, 124, 0, 0, 00.523
26, 123, 68, 0, 00.530
26, 123, 144, 0, 00.539
26, 123, 212, 0, 00.547
27, 123, 272, 0, 00.554
27, 123, 292, 0, 00.562
28, 123, 252, 0, 00.569
28, 123, 184, 0, 00.578
29, 123, 104, 0, 00.585
29, 123, 0, 0, 00.593
30, 124, 0, 0, 00.600
31, 124, 0, 17351, 00.610
32, 125, 0, 17383, 00.617
32, 126, 0, 18472, 00.623
33, 127, 0, 19320, 00.631
34, 128, 0, 19576, 00.638
35, 129, 0, 19592, 00.646
36, 130, 0, 20009, 00.653
36, 131, 0, 19833, 00.662
36, 132, 0, 19608, 00.668
37, 132, 0, 19304, 00.677
37, 133, 0, 19048, 00.684
37, 133, 0, 19224, 00.691
37, 134, 0, 19224, 00.701
37, 134, 0, 19368, 00.709
36, 133, 0, 20121, 00.716
36, 133, 0, 20601, 00.722
35, 131, 0, 20521, 00.731
35, 129, 0, 20425, 00.739
34, 127, 0, 20281, 00.745
33, 125, 0, 20505, 00.754
33, 122, 0, 20697, 00.762
33, 121, 0, 21385, 00.769
33, 119, 0, 22394, 00.777
33, 119, 0, 22490, 00.785
33, 120, 0, 22250, 00.791
34, 121, 0, 22122, 00.800
35, 122, 0, 21946, 00.807
36, 124, 0, 22218, 00.814
36, 127, 0, 22234, 00.822
37, 129, 0, 22330, 00.830
37, 131, 0, 22282, 00.838
37, 133, 0, 22298, 00.845
37, 134, 0, 22538, 00.853
37, 135, 0, 22586, 00.860
37, 136, 0, 22762, 00.868
37, 136, 0, 23450, 00.876
37, 135, 0, 24603, 00.883
36, 134, 0, 24587, 00.891
36, 133, 0, 24347, 00.899
35, 131, 0, 24139, 00.906
35, 129, 0, 24299, 00.915
34, 126, 0, 24059, 00.922
34, 125, 0, 23690, 00.929
34, 123, 0, 21785, 00.938
34, 123, 0, 18952, 00.947
34, 123, 0, 14198, 00.953
35, 123, 0, 9332, 00.961
36, 124, 0, 7635, 00.969
36, 125, 0, 7795, 00.977
37, 127, 0, 8804, 00.984
37, 128, 0, 9812, 00.992
38, 130, 0, 11397, 00.998
38, 132, 0, 13350, 01.006
39, 133, 0, 15687, 01.015
39, 134, 0, 17383, 01.022
39, 135, 0, 18888, 01.030
39, 135, 0, 20105, 01.038
39, 136, 0, 21145, 01.047
39, 136, 0, 23066, 01.054
39, 135, 0, 24219, 01.061
39, 134, 0, 24411, 01.069
38, 133, 0, 24379, 01.076
38, 131, 0, 24219, 01.084
38, 129, 0, 24539, 01.091
37, 127, 0, 24523, 01.099
37, 125, 0, 24443, 01.107
37, 123, 0, 24683, 01.115
37, 122, 0, 24539, 01.122
38, 122, 0, 24315, 01.129
38, 122, 0, 23738, 01.138
38, 122, 0, 23514, 01.145
39, 123, 0, 23818, 01.153
39, 124, 0, 23754, 01.161
40, 125, 0, 23898, 01.168
40, 127, 0, 23914, 01.176
41, 130, 0, 23994, 01.185
41, 132, 0, 24331, 01.191
42, 134, 0, 24427, 01.199
42, 136, 0, 24395, 01.206
43, 137, 0, 24987, 01.214
43, 138, 0, 25067, 01.222
43, 138, 0, 25467, 01.230
43, 139, 0, 25867, 01.238
43, 139, 0, 26476, 01.246
43, 138, 0, 27244, 01.253
43, 137, 0, 27052, 01.260
43, 136, 0, 26908, 01.268
42, 135, 0, 26940, 01.276
42, 133, 0, 26908, 01.283
42, 131, 0, 27004, 01.291
42, 128, 0, 27052, 01.299
41, 126, 0, 26988, 01.306
41, 124, 0, 27436, 01.314
41, 123, 0, 27244, 01.322
41, 122, 0, 27052, 01.329
42, 121, 0, 26780, 01.338
42, 121, 0, 26187, 01.345
42, 121, 0, 25867, 01.351
42, 121, 0, 25147, 01.359
43, 122, 0, 24859, 01.368
43, 124, 0, 25019, 01.376
44, 125, 0, 24907, 01.383
44, 127, 0, 25019, 01.391
45, 129, 0, 24891, 01.398
45, 132, 0, 24619, 01.405
46, 134, 0, 25083, 01.414
46, 136, 0, 25195, 01.422
47, 138, 0, 25659, 01.429
47, 139, 0, 25883, 01.437
47, 140, 0, 25979, 01.445
48, 141, 0, 26588, 01.451
48, 142, 0, 26460, 01.460
48, 142, 0, 26508, 01.467
48, 142, 0, 27020, 01.474
48, 142, 0, 27548, 01.482
48, 142, 0, 28028, 01.490
48, 142, 0, 28220, 01.498
48, 142, 0, 28140, 01.506
48, 141, 0, 28396, 01.513
47, 141, 0, 28188, 01.521
47, 139, 0, 28172, 01.529
47, 138, 0, 28348, 01.536
47, 136, 0, 28445, 01.544
47, 134, 0, 28941, 01.551
46, 131, 0, 28989, 01.560
46, 128, 0, 28893, 01.568
46, 125, 0, 29069, 01.575
46, 123, 0, 29309, 01.583
46, 121, 0, 29261, 01.590
46, 119, 0, 29181, 01.598
47, 118, 0, 28893, 01.605
47, 118, 0, 29117, 01.613
48, 118, 0, 28332, 01.621
49, 119, 0, 27420, 01.629
50, 120, 0, 25963, 01.637
50, 122, 0, 23210, 01.645
51, 124, 0, 20361, 01.652
51, 126, 0, 16391, 01.659
52, 128, 0, 11317, 01.668
52, 130, 0, 2817, 01.675
52, 130, 0, 0, 01.681
53, 136, 32, 0, 01.689
54, 140, 72, 0, 01.697
54, 143, 104, 0, 01.705
55, 146, 116, 0, 01.713
55, 148, 104, 0, 01.721
55, 149, 64, 0, 01.729
55, 150, 20, 0, 01.736
55, 151, 0, 0, 01.744
54, 151, 0, 0, 01.751
53, 150, 0, 0, 01.760
53, 150, 0, 10484, 01.767
51, 149, 0, 10532, 01.774
50, 148, 0, 10388, 01.782
49, 147, 0, 10788, 01.789
48, 147, 0, 13222, 01.799
47, 146, 0, 15351, 01.805
46, 146, 0, 16951, 01.813
46, 146, 0, 18376, 01.821
46, 146, 0, 20825, 01.829
46, 146, 0, 22266, 01.836
46, 146, 0, 22618, 01.844
46, 146, 0, 22570, 01.851
47, 146, 0, 22922, 01.859
48, 146, 0, 24203, 01.866
50, 147, 0, 25723, 01.873
51, 147, 0, 26636, 01.882
53, 148, 0, 27772, 01.889
55, 150, 0, 28893, 01.897
57, 151, 0, 29277, 01.905
59, 153, 0, 29757, 01.913
61, 154, 0, 29741, 01.920
62, 155, 0, 28605, 01.928
63, 156, 0, 26652, 01.936
63, 157, 0, 23914, 01.943
63, 157, 0, 20777, 01.951
63, 157, 0, 16167, 01.958
63, 157, 0, 7427, 01.966
63, 157, 0, 0, 01.973
63, 158, 160, 0, 01.981
63, 159, 353, 0, 01.988
63, 160, 561, 0, 01.997
63, 160, 746, 0, 02.005
63, 160, 906, 0, 02.017
63, 160, 1010, 0, 02.026
63, 160, 1023, 0, 02.042
63, 160, 1023, 0, 02.048
63, 160, 1023, 0, 02.054
63, 160, 1023, 0, 02.062
63, 160, 1023, 0, 02.068
63, 160, 1023, 0, 02.075
63, 160, 1023, 0, 02.082
63, 160, 1023, 0, 02.088
63, 160, 1023, 0, 02.095
63, 160, 1023, 0, 02.101
63, 160, 1023, 0, 02.108
