20, 144, 982, 0, 30.330
20, 144, 304, 0, 30.331
20, 145, 232, 0, 30.331
21, 146, 172, 0, 30.338
21, 146, 132, 0, 30.345
21, 146, 120, 0, 30.353
21, 148, 108, 0, 30.361
21, 149, 72, 0, 30.368
22, 150, 72, 0, 30.376
22, 152, 72, 0, 30.384
23, 153, 60, 0, 30.391
23, 154, 12, 0, 30.399
24, 155, 0, 0, 30.406
24, 155, 0, 0, 30.414
24, 156, 0, 0, 30.422
25, 156, 0, 0, 30.430
25, 156, 0, 10596, 30.437
25, 156, 0, 11381, 30.445
25, 154, 0, 11445, 30.453
25, 153, 0, 11509, 30.460
26, 150, 0, 11621, 30.468
26, 148, 0, 12053, 30.475
26, 145, 0, 13462, 30.483
27, 141, 0, 15078, 30.490
27, 137, 0, 16839, 30.499
27, 133, 0, 17768, 30.506
27, 129, 0, 19160, 30.515
27, 125, 0, 20377, 30.521
27, 121, 0, 21001, 30.530
26, 118, 0, 21385, 30.537
25, 115, 0, 21337, 30.545
24, 113, 0, 21353, 30.552
23, 111, 0, 21689, 30.560
22, 109, 0, 21673, 30.568
21, 108, 0, 21241, 30.576
20, 107, 0, 19560, 30.583
19, 107, 0, 17063, 30.592
18, 107, 0, 13414, 30.598
17, 108, 0, 7235, 30.605
17, 108, 0, 0, 30.614
15, 111, 64, 0, 30.621
14, 114, 148, 0, 30.630
14, 117, 252, 0, 30.637
13, 120, 336, 0, 30.645
14, 124, 393, 0, 30.652
14, 128, 409, 0, 30.660
15, 132, 393, 0, 30.668
16, 137, 324, 0, 30.675
18, 140, 240, 0, 30.683
19, 144, 148, 0, 30.690
20, 147, 0, 0, 30.698
21, 149, 0, 0, 30.706
23, 151, 0, 15319, 30.714
24, 153, 0, 15351, 30.721
25, 154, 0, 15286, 30.729
26, 155, 0, 15607, 30.736
27, 156, 0, 16231, 30.744
28, 157, 0, 16839, 30.752
29, 157, 0, 17560, 30.760
30, 157, 0, 17592, 30.768
31, 157, 0, 17960, 30.775
31, 156, 0, 18616, 30.784
32, 155, 0, 18744, 30.791
32, 154, 0, 19432, 30.799
32, 152, 0, 20281, 30.806
32, 150, 0, 22266, 30.813
32, 148, 0, 23082, 30.821
31, 146, 0, 23338, 30.830
30, 144, 0, 23370, 30.837
29, 141, 0, 21994, 30.844
28, 138, 0, 18872, 30.852
26, 136, 0, 12357, 30.858
26, 136, 0, 0, 30.867
24, 132, 0, 0, 30.876
23, 131, 76, 0, 30.882
22, 130, 164, 0, 30.890
22, 129, 240, 0, 30.897
22, 129, 284, 0, 30.905
22, 129, 284, 0, 30.913
23, 129, 240, 0, 30.921
23, 129, 152, 0, 30.928
24, 129, 52, 0, 30.937
25, 129, 0, 0, 30.944
26, 130, 0, 0, 30.951
27, 131, 0, 0, 30.959
27, 132, 0, 13654, 30.967
28, 134, 0, 13766, 30.975
29, 135, 0, 13782, 30.982
30, 136, 0, 13894, 30.989
31, 137, 0, 14182, 30.998
31, 137, 0, 14102, 31.005
32, 138, 0, 13846, 31.013
32, 138, 0, 12005, 31.020
33, 139, 0, 10820, 31.028
33, 139, 0, 10852, 31.036
33, 139, 0, 11141, 31.044
33, 139, 0, 12693, 31.052
32, 139, 0, 14118, 31.059
32, 139, 0, 15014, 31.067
31, 139, 0, 15575, 31.074
31, 138, 0, 15687, 31.082
30, 137, 0, 15591, 31.089
30, 135, 0, 15799, 31.096
29, 133, 0, 15735, 31.105
28, 131, 0, 15799, 31.112
28, 129, 0, 16695, 31.120
28, 128, 0, 17704, 31.127
28, 127, 0, 18392, 31.137
28, 126, 0, 18184, 31.143
29, 127, 0, 17816, 31.151
29, 128, 0, 17768, 31.158
30, 129, 0, 17672, 31.167
31, 131, 0, 17896, 31.173
31, 133, 0, 18328, 31.182
32, 135, 0, 18760, 31.189
32, 138, 0, 19480, 31.197
32, 139, 0, 19673, 31.205
32, 141, 0, 19721, 31.212
32, 142, 0, 19945, 31.219
32, 142, 0, 20041, 31.229
32, 142, 0, 21257, 31.235
32, 142, 0, 22266, 31.243
32, 141, 0, 22170, 31.250
31, 140, 0, 22266, 31.259
31, 138, 0, 22154, 31.265
31, 136, 0, 22186, 31.274
30, 135, 0, 22090, 31.281
30, 133, 0, 21946, 31.289
30, 133, 0, 22138, 31.296
30, 132, 0, 21641, 31.305
31, 132, 0, 20793, 31.312
31, 133, 0, 19753, 31.319
32, 134, 0, 19689, 31.327
32, 136, 0, 19785, 31.334
33, 137, 0, 20137, 31.342
34, 139, 0, 20377, 31.350
34, 140, 0, 21017, 31.358
35, 142, 0, 21369, 31.367
35, 143, 0, 21817, 31.374
35, 144, 0, 21994, 31.381
36, 144, 0, 22138, 31.388
36, 144, 0, 22730, 31.397
36, 144, 0, 23466, 31.404
36, 143, 0, 23722, 31.412
36, 142, 0, 23866, 31.419
35, 141, 0, 23962, 31.428
35, 139, 0, 24026, 31.435
35, 137, 0, 24155, 31.443
35, 135, 0, 24010, 31.450
35, 133, 0, 24299, 31.459
35, 132, 0, 24171, 31.466
35, 131, 0, 23962, 31.473
35, 131, 0, 23498, 31.481
36, 131, 0, 23082, 31.489
36, 132, 0, 22650, 31.497
37, 133, 0, 22506, 31.504
37, 134, 0, 22458, 31.511
38, 136, 0, 22858, 31.519
38, 138, 0, 23018, 31.527
39, 139, 0, 23162, 31.534
39, 141, 0, 23306, 31.541
39, 143, 0, 23114, 31.549
40, 144, 0, 23434, 31.557
40, 145, 0, 23290, 31.565
40, 146, 0, 23274, 31.573
40, 146, 0, 23514, 31.581
40, 146, 0, 23930, 31.588
40, 146, 0, 24555, 31.597
40, 145, 0, 24507, 31.604
40, 145, 0, 24395, 31.611
40, 144, 0, 24651, 31.620
40, 142, 0, 24683, 31.628
40, 140, 0, 24859, 31.634
40, 138, 0, 24955, 31.642
40, 136, 0, 24955, 31.650
40, 134, 0, 25163, 31.658
39, 131, 0, 24955, 31.665
39, 130, 0, 24843, 31.672
39, 128, 0, 24827, 31.680
40, 127, 0, 24827, 31.688
40, 126, 0, 24779, 31.696
40, 126, 0, 24555, 31.703
40, 126, 0, 24139, 31.711
41, 127, 0, 24075, 31.719
41, 127, 0, 23706, 31.726
42, 129, 0, 23626, 31.733
42, 131, 0, 23258, 31.742
43, 133, 0, 22874, 31.748
44, 135, 0, 23194, 31.756
45, 138, 0, 22986, 31.765
46, 141, 0, 23018, 31.772
46, 143, 0, 23050, 31.780
47, 146, 0, 22874, 31.788
48, 148, 0, 23018, 31.795
49, 149, 0, 23050, 31.803
49, 150, 0, 22874, 31.811
50, 151, 0, 23370, 31.819
50, 151, 0, 23450, 31.826
50, 151, 0, 24171, 31.835
49, 151, 0, 24795, 31.842
49, 151, 0, 24891, 31.850
48, 150, 0, 25467, 31.858
48, 149, 0, 25883, 31.865
47, 147, 0, 26396, 31.872
47, 145, 0, 27212, 31.881
46, 143, 0, 27772, 31.889
46, 139, 0, 28252, 31.895
45, 136, 0, 28717, 31.903
45, 131, 0, 28845, 31.911
44, 127, 0, 29245, 31.918
44, 124, 0, 29357, 31.926
44, 121, 0, 29485, 31.934
44, 119, 0, 28092, 31.940
44, 118, 0, 23722, 31.949
44, 118, 0, 16759, 31.958
44, 119, 0, 6274, 31.964
44, 119, 0, 0, 31.972
44, 122, 76, 0, 31.979
44, 125, 152, 0, 31.987
44, 128, 228, 0, 31.995
44, 131, 296, 0, 32.003
44, 134, 328, 0, 32.010
44, 138, 316, 0, 32.019
45, 142, 284, 0, 32.026
46, 145, 228, 0, 32.033
46, 147, 164, 0, 32.041
47, 149, 64, 0, 32.049
47, 151, 0, 0, 32.055
48, 151, 0, 0, 32.064
48, 151, 0, 0, 32.072
47, 151, 0, 12949, 32.079
47, 151, 0, 13045, 32.087
47, 151, 0, 14374, 32.094
46, 151, 0, 16119, 32.102
46, 150, 0, 17159, 32.110
46, 150, 0, 17960, 32.118
46, 150, 0, 19112, 32.126
46, 150, 0, 20297, 32.133
46, 150, 0, 21545, 32.141
46, 150, 0, 22682, 32.149
46, 150, 0, 23738, 32.156
46, 150, 0, 24171, 32.164
46, 150, 0, 24523, 32.172
46, 150, 0, 25163, 32.179
46, 151, 0, 25627, 32.186
47, 151, 0, 26252, 32.195
47, 151, 0, 26860, 32.201
49, 152, 0, 27532, 32.210
50, 152, 0, 28765, 32.218
52, 153, 0, 29837, 32.225
55, 154, 0, 31022, 32.234
57, 155, 0, 31694, 32.241
60, 157, 0, 31918, 32.248
63, 158, 0, 32174, 32.256
65, 160, 0, 31438, 32.264
67, 162, 0, 28172, 32.271
69, 163, 0, 20601, 32.278
70, 165, 0, 3457, 32.286
70, 165, 0, 0, 32.293
71, 168, 232, 0, 32.303
71, 169, 481, 0, 32.310
71, 169, 702, 0, 32.318
71, 169, 882, 0, 32.325
71, 169, 1006, 0, 32.338
71, 169, 1023, 0, 32.346
71, 169, 1023, 0, 32.362
71, 169, 1023, 0, 32.369
71, 169, 1023, 0, 32.375
71, 169, 1023, 0, 32.382
71, 169, 1023, 0, 32.389
71, 169, 1023, 0, 32.395
71, 169, 1023, 0, 32.402
71, 169, 1023, 0, 32.408
71, 169, 1023, 0, 32.416
71, 169, 1023, 0, 32.422
71, 169, 1023, 0, 32.429
