30, 144, 1023, 0, 27.155
30, 144, 810, 0, 27.156
30, 144, 774, 0, 27.156
30, 144, 714, 0, 27.163
31, 144, 669, 0, 27.171
31, 144, 597, 0, 27.179
31, 145, 537, 0, 27.186
31, 145, 409, 0, 27.194
31, 145, 268, 0, 27.202
32, 145, 140, 0, 27.208
32, 146, 20, 0, 27.218
32, 146, 0, 0, 27.225
32, 145, 0, 0, 27.233
32, 145, 0, 12357, 27.240
32, 145, 0, 10949, 27.248
32, 144, 0, 10420, 27.255
32, 143, 0, 10500, 27.262
33, 142, 0, 10484, 27.269
33, 140, 0, 10644, 27.278
34, 138, 0, 11413, 27.286
35, 136, 0, 12965, 27.294
36, 134, 0, 14438, 27.301
37, 131, 0, 16119, 27.309
38, 128, 0, 17447, 27.317
38, 125, 0, 18216, 27.324
39, 121, 0, 19096, 27.332
39, 118, 0, 19849, 27.340
39, 114, 0, 20633, 27.348
39, 111, 0, 21785, 27.355
39, 107, 0, 23066, 27.363
38, 104, 0, 24171, 27.370
38, 100, 0, 24891, 27.378
37, 97, 0, 25339, 27.386
36, 95, 0, 25595, 27.393
35, 92, 0, 25723, 27.401
34, 89, 0, 25883, 27.409
32, 87, 0, 25723, 27.416
31, 85, 0, 25867, 27.423
30, 84, 0, 25099, 27.433
30, 83, 0, 22906, 27.441
29, 83, 0, 19608, 27.448
28, 84, 0, 14614, 27.455
27, 85, 0, 8691, 27.464
26, 87, 0, 1424, 27.470
26, 87, 0, 0, 27.478
24, 93, 28, 0, 27.485
23, 97, 36, 0, 27.493
23, 101, 68, 0, 27.501
22, 105, 76, 0, 27.509
22, 110, 68, 0, 27.516
22, 114, 28, 0, 27.523
23, 118, 8, 0, 27.533
23, 122, 0, 0, 27.539
24, 126, 0, 0, 27.547
24, 129, 0, 8980, 27.555
25, 131, 0, 10324, 27.562
26, 134, 0, 11941, 27.571
26, 136, 0, 13318, 27.578
27, 137, 0, 14198, 27.586
28, 139, 0, 14758, 27.594
29, 140, 0, 15158, 27.602
31, 141, 0, 15591, 27.608
33, 141, 0, 16375, 27.616
34, 142, 0, 16999, 27.624
36, 142, 0, 17335, 27.631
37, 142, 0, 17512, 27.639
39, 142, 0, 17704, 27.648
40, 141, 0, 17912, 27.655
41, 141, 0, 18600, 27.662
41, 140, 0, 20313, 27.671
41, 139, 0, 22218, 27.676
41, 137, 0, 23514, 27.685
41, 135, 0, 24059, 27.694
41, 133, 0, 24155, 27.700
40, 131, 0, 24379, 27.708
39, 128, 0, 24203, 27.716
38, 125, 0, 24155, 27.723
37, 122, 0, 22298, 27.731
36, 119, 0, 18072, 27.738
35, 116, 0, 9716, 27.747
35, 116, 0, 0, 27.755
33, 110, 64, 0, 27.762
33, 108, 128, 0, 27.769
33, 106, 212, 0, 27.777
33, 104, 288, 0, 27.785
33, 103, 320, 0, 27.792
33, 102, 341, 0, 27.801
34, 101, 320, 0, 27.808
35, 101, 268, 0, 27.816
35, 101, 180, 0, 27.823
36, 101, 96, 0, 27.832
37, 101, 0, 0, 27.839
37, 102, 0, 0, 27.846
38, 102, 0, 17239, 27.854
38, 102, 0, 17560, 27.862
39, 104, 0, 17656, 27.869
40, 105, 0, 17736, 27.878
41, 106, 0, 17816, 27.885
41, 108, 0, 17928, 27.892
42, 109, 0, 18056, 27.900
43, 111, 0, 18120, 27.907
43, 113, 0, 18296, 27.916
44, 115, 0, 18264, 27.922
44, 116, 0, 18264, 27.931
44, 117, 0, 18296, 27.938
44, 117, 0, 18520, 27.946
44, 116, 0, 19528, 27.954
44, 115, 0, 20153, 27.961
43, 113, 0, 20265, 27.969
43, 111, 0, 20329, 27.977
43, 108, 0, 20361, 27.984
43, 106, 0, 20761, 27.992
43, 103, 0, 20633, 28.000
43, 101, 0, 21257, 28.007
43, 100, 0, 21737, 28.015
44, 99, 0, 22122, 28.024
44, 99, 0, 21850, 28.031
44, 99, 0, 21561, 28.038
45, 100, 0, 21657, 28.047
45, 102, 0, 21833, 28.053
46, 104, 0, 22026, 28.060
46, 107, 0, 22218, 28.070
47, 110, 0, 22154, 28.078
47, 113, 0, 22266, 28.084
47, 115, 0, 22106, 28.092
47, 117, 0, 22074, 28.099
47, 118, 0, 21994, 28.107
47, 119, 0, 21930, 28.115
47, 119, 0, 22042, 28.122
47, 118, 0, 21946, 28.131
47, 117, 0, 22202, 28.138
47, 115, 0, 22234, 28.145
47, 113, 0, 22218, 28.153
48, 111, 0, 22426, 28.161
48, 109, 0, 22554, 28.168
48, 107, 0, 22506, 28.176
49, 105, 0, 22906, 28.183
49, 104, 0, 23034, 28.191
49, 104, 0, 23018, 28.198
50, 104, 0, 22858, 28.206
50, 105, 0, 22730, 28.215
50, 106, 0, 22858, 28.222
51, 107, 0, 23146, 28.230
51, 110, 0, 23178, 28.238
51, 112, 0, 23210, 28.245
52, 115, 0, 23194, 28.253
52, 117, 0, 23082, 28.260
52, 120, 0, 22442, 28.268
52, 122, 0, 22090, 28.276
53, 123, 0, 22042, 28.283
53, 123, 0, 22106, 28.290
53, 123, 0, 22218, 28.299
53, 123, 0, 22170, 28.306
53, 122, 0, 22474, 28.314
53, 120, 0, 22762, 28.323
53, 118, 0, 22890, 28.331
53, 116, 0, 23002, 28.338
53, 114, 0, 22986, 28.346
53, 111, 0, 23514, 28.353
53, 108, 0, 24059, 28.359
54, 106, 0, 24763, 28.368
54, 103, 0, 24955, 28.375
54, 101, 0, 25275, 28.384
54, 99, 0, 25371, 28.391
55, 98, 0, 25595, 28.398
55, 97, 0, 25659, 28.407
55, 96, 0, 25691, 28.414
56, 96, 0, 25627, 28.421
56, 96, 0, 25243, 28.430
56, 97, 0, 25291, 28.437
57, 99, 0, 25387, 28.445
57, 100, 0, 25387, 28.452
58, 103, 0, 25547, 28.460
58, 105, 0, 25355, 28.468
59, 109, 0, 25419, 28.475
59, 112, 0, 25467, 28.483
60, 115, 0, 25515, 28.491
61, 118, 0, 25435, 28.497
61, 121, 0, 25419, 28.505
62, 123, 0, 25515, 28.514
63, 125, 0, 25563, 28.521
63, 127, 0, 25499, 28.528
64, 128, 0, 25499, 28.537
64, 128, 0, 25387, 28.544
64, 128, 0, 25435, 28.552
64, 128, 0, 25419, 28.560
64, 128, 0, 25451, 28.569
64, 127, 0, 25643, 28.574
64, 125, 0, 25787, 28.583
64, 123, 0, 25883, 28.589
64, 120, 0, 26348, 28.599
64, 117, 0, 26364, 28.605
64, 113, 0, 26668, 28.613
64, 109, 0, 26780, 28.620
64, 105, 0, 27244, 28.630
64, 101, 0, 27260, 28.637
64, 98, 0, 27324, 28.645
64, 96, 0, 27468, 28.652
64, 95, 0, 26620, 28.659
64, 95, 0, 24795, 28.668
64, 95, 0, 21449, 28.675
64, 97, 0, 18968, 28.681
64, 99, 0, 13798, 28.690
64, 101, 0, 6258, 28.698
64, 101, 0, 0, 28.706
63, 108, 40, 0, 28.713
63, 111, 108, 0, 28.721
62, 115, 172, 0, 28.728
62, 119, 260, 0, 28.736
61, 122, 328, 0, 28.744
61, 125, 361, 0, 28.753
61, 128, 373, 0, 28.759
61, 130, 341, 0, 28.766
61, 132, 284, 0, 28.774
61, 134, 184, 0, 28.782
61, 134, 96, 0, 28.790
61, 135, 0, 0, 28.798
61, 135, 0, 0, 28.806
60, 135, 0, 23418, 28.813
60, 135, 0, 24379, 28.820
60, 135, 0, 24923, 28.829
60, 135, 0, 24523, 28.836
62, 135, 0, 23962, 28.844
63, 135, 0, 24043, 28.851
65, 136, 0, 24603, 28.859
68, 137, 0, 25899, 28.867
70, 138, 0, 27148, 28.875
73, 139, 0, 27420, 28.882
76, 141, 0, 27180, 28.891
78, 143, 0, 24859, 28.897
81, 145, 0, 19048, 28.905
82, 147, 0, 9396, 28.913
82, 147, 0, 0, 28.920
84, 150, 128, 0, 28.928
85, 151, 296, 0, 28.936
85, 152, 497, 0, 28.943
84, 153, 677, 0, 28.951
84, 153, 842, 0, 28.959
84, 153, 962, 0, 28.967
84, 153, 1023, 0, 28.978
84, 153, 1023, 0, 28.988
84, 153, 1023, 0, 29.004
84, 153, 1023, 0, 29.010
84, 153, 1023, 0, 29.017
84, 153, 1023, 0, 29.025
84, 153, 1023, 0, 29.031
84, 153, 1023, 0, 29.037
84, 153, 1023, 0, 29.044
84, 153, 1023, 0, 29.050
84, 153, 1023, 0, 29.057
84, 153, 1023, 0, 29.064
84, 153, 1023, 0, 29.070
