40, 144, 1023, 0, 23.915
39, 144, 798, 0, 23.917
39, 145, 770, 0, 23.918
39, 145, 730, 0, 23.921
39, 146, 690, 0, 23.930
39, 146, 633, 0, 23.938
39, 147, 577, 0, 23.944
39, 147, 469, 0, 23.952
39, 148, 316, 0, 23.961
38, 149, 148, 0, 23.969
38, 149, 0, 0, 23.976
38, 149, 0, 0, 23.983
38, 150, 0, 0, 23.991
37, 150, 0, 0, 23.998
37, 150, 0, 17656, 24.006
37, 150, 0, 17576, 24.014
37, 150, 0, 17544, 24.022
37, 150, 0, 16919, 24.030
37, 149, 0, 16567, 24.037
38, 147, 0, 16583, 24.045
38, 146, 0, 16807, 24.053
39, 144, 0, 16935, 24.060
40, 141, 0, 17047, 24.068
41, 138, 0, 17175, 24.076
42, 135, 0, 17319, 24.082
43, 131, 0, 17335, 24.090
44, 128, 0, 17351, 24.099
44, 125, 0, 17640, 24.107
45, 121, 0, 18056, 24.114
45, 119, 0, 18936, 24.122
45, 116, 0, 20249, 24.129
45, 114, 0, 21337, 24.138
45, 112, 0, 22234, 24.145
45, 110, 0, 22874, 24.153
44, 108, 0, 23562, 24.160
43, 106, 0, 23946, 24.167
42, 104, 0, 24107, 24.175
41, 102, 0, 24155, 24.183
40, 101, 0, 24155, 24.190
39, 100, 0, 24010, 24.198
38, 99, 0, 23130, 24.205
37, 98, 0, 21449, 24.214
36, 98, 0, 19673, 24.221
35, 98, 0, 17351, 24.228
35, 98, 0, 13526, 24.238
34, 100, 0, 8627, 24.245
33, 101, 0, 2513, 24.252
33, 101, 0, 0, 24.260
33, 107, 60, 0, 24.267
32, 111, 120, 0, 24.275
32, 115, 200, 0, 24.283
32, 120, 280, 0, 24.291
32, 125, 332, 0, 24.298
32, 130, 353, 0, 24.306
32, 134, 320, 0, 24.314
33, 138, 252, 0, 24.321
33, 141, 160, 0, 24.331
34, 143, 0, 0, 24.337
35, 145, 0, 0, 24.344
35, 146, 0, 18520, 24.353
35, 147, 0, 18552, 24.360
36, 148, 0, 18488, 24.368
36, 148, 0, 18472, 24.375
37, 149, 0, 18616, 24.383
38, 150, 0, 18680, 24.390
39, 151, 0, 19016, 24.397
41, 152, 0, 19576, 24.405
42, 153, 0, 20153, 24.413
44, 153, 0, 20233, 24.420
45, 154, 0, 20361, 24.428
47, 154, 0, 20153, 24.437
48, 153, 0, 20041, 24.444
49, 152, 0, 20041, 24.452
49, 151, 0, 20233, 24.459
49, 150, 0, 20985, 24.467
49, 148, 0, 21866, 24.474
49, 146, 0, 22282, 24.482
48, 144, 0, 22506, 24.490
47, 141, 0, 22538, 24.498
46, 139, 0, 22090, 24.505
45, 136, 0, 18552, 24.513
43, 133, 0, 10596, 24.521
43, 133, 0, 0, 24.529
40, 127, 64, 0, 24.536
39, 124, 120, 0, 24.544
38, 122, 152, 0, 24.551
38, 119, 176, 0, 24.559
38, 117, 164, 0, 24.566
38, 115, 108, 0, 24.574
38, 114, 44, 0, 24.581
38, 114, 0, 0, 24.589
39, 113, 0, 0, 24.598
39, 113, 0, 0, 24.604
40, 114, 0, 10100, 24.613
41, 115, 0, 12197, 24.621
42, 116, 0, 14022, 24.628
44, 117, 0, 14902, 24.636
45, 118, 0, 15190, 24.643
47, 119, 0, 15254, 24.651
48, 121, 0, 14694, 24.659
49, 122, 0, 13142, 24.667
51, 123, 0, 10740, 24.674
52, 125, 0, 9300, 24.682
53, 126, 0, 8900, 24.690
54, 128, 0, 8707, 24.696
54, 129, 0, 8723, 24.705
55, 130, 0, 9060, 24.713
55, 131, 0, 10196, 24.720
56, 132, 0, 11829, 24.728
56, 132, 0, 13430, 24.736
55, 132, 0, 16055, 24.743
55, 132, 0, 17544, 24.750
55, 131, 0, 17496, 24.759
54, 129, 0, 17800, 24.766
54, 127, 0, 17800, 24.773
53, 124, 0, 18168, 24.782
53, 122, 0, 19432, 24.788
53, 119, 0, 20441, 24.796
53, 116, 0, 21193, 24.804
54, 114, 0, 21497, 24.812
54, 112, 0, 21721, 24.820
55, 111, 0, 21833, 24.828
55, 110, 0, 21593, 24.835
56, 110, 0, 21337, 24.843
56, 111, 0, 21161, 24.851
57, 113, 0, 21481, 24.858
57, 115, 0, 21609, 24.866
58, 117, 0, 21641, 24.874
58, 119, 0, 21689, 24.880
58, 122, 0, 21737, 24.888
58, 124, 0, 21785, 24.896
58, 125, 0, 21577, 24.903
58, 126, 0, 21641, 24.912
58, 127, 0, 21625, 24.920
58, 127, 0, 21946, 24.928
58, 127, 0, 22266, 24.935
57, 125, 0, 22458, 24.942
57, 124, 0, 22506, 24.950
57, 122, 0, 22506, 24.958
57, 120, 0, 22538, 24.966
57, 118, 0, 22378, 24.973
57, 116, 0, 22506, 24.981
57, 115, 0, 22458, 24.988
58, 114, 0, 22458, 24.997
58, 113, 0, 22282, 25.003
58, 113, 0, 22026, 25.012
59, 114, 0, 21609, 25.019
59, 115, 0, 21753, 25.026
60, 116, 0, 21994, 25.034
60, 118, 0, 21994, 25.043
60, 120, 0, 22026, 25.050
61, 123, 0, 22122, 25.057
61, 125, 0, 22138, 25.065
61, 127, 0, 22346, 25.073
62, 129, 0, 22090, 25.081
62, 130, 0, 22026, 25.089
62, 131, 0, 22058, 25.096
62, 131, 0, 22138, 25.103
62, 131, 0, 21946, 25.112
62, 130, 0, 21994, 25.119
63, 129, 0, 22250, 25.127
63, 127, 0, 22474, 25.135
63, 125, 0, 22682, 25.141
63, 122, 0, 22730, 25.150
63, 119, 0, 23066, 25.158
64, 117, 0, 23162, 25.166
64, 114, 0, 23722, 25.173
64, 112, 0, 23850, 25.181
65, 110, 0, 24331, 25.188
65, 109, 0, 24603, 25.196
66, 109, 0, 24827, 25.204
66, 109, 0, 24843, 25.211
67, 110, 0, 24667, 25.219
67, 111, 0, 24843, 25.227
68, 113, 0, 25179, 25.233
68, 115, 0, 25083, 25.241
69, 118, 0, 25099, 25.250
70, 122, 0, 24699, 25.257
70, 125, 0, 24235, 25.265
71, 128, 0, 23738, 25.272
71, 130, 0, 23306, 25.280
72, 132, 0, 23226, 25.288
72, 133, 0, 23226, 25.296
73, 134, 0, 23306, 25.304
73, 134, 0, 23402, 25.311
73, 134, 0, 23450, 25.319
73, 133, 0, 23850, 25.327
73, 132, 0, 24363, 25.334
73, 130, 0, 24875, 25.342
73, 128, 0, 25131, 25.350
73, 125, 0, 25675, 25.357
73, 122, 0, 26492, 25.365
73, 118, 0, 27468, 25.373
73, 114, 0, 27756, 25.380
74, 110, 0, 28140, 25.388
74, 106, 0, 28461, 25.397
74, 103, 0, 28268, 25.403
74, 101, 0, 28236, 25.411
74, 100, 0, 27580, 25.419
74, 99, 0, 26460, 25.425
74, 100, 0, 23306, 25.434
74, 101, 0, 20137, 25.442
74, 104, 0, 15431, 25.449
74, 106, 0, 8964, 25.457
74, 106, 0, 0, 25.465
74, 113, 64, 0, 25.471
74, 117, 152, 0, 25.480
74, 121, 260, 0, 25.488
73, 125, 341, 0, 25.495
73, 129, 405, 0, 25.503
73, 133, 469, 0, 25.511
74, 136, 505, 0, 25.518
74, 139, 469, 0, 25.526
75, 141, 417, 0, 25.534
75, 143, 316, 0, 25.540
75, 145, 208, 0, 25.549
75, 146, 96, 0, 25.556
74, 147, 0, 0, 25.565
74, 147, 0, 0, 25.572
73, 147, 0, 21817, 25.580
72, 146, 0, 21785, 25.588
71, 145, 0, 22138, 25.595
71, 144, 0, 22362, 25.604
70, 143, 0, 22378, 25.611
70, 141, 0, 22634, 25.618
70, 140, 0, 22762, 25.626
71, 139, 0, 23082, 25.633
72, 138, 0, 23818, 25.640
73, 137, 0, 24779, 25.649
74, 137, 0, 26284, 25.656
76, 137, 0, 28076, 25.664
79, 139, 0, 29229, 25.671
81, 140, 0, 30029, 25.679
84, 143, 0, 30253, 25.687
87, 146, 0, 29853, 25.695
89, 149, 0, 28429, 25.703
92, 152, 0, 24939, 25.710
94, 155, 0, 18600, 25.717
96, 157, 0, 6611, 25.725
96, 157, 0, 0, 25.732
98, 160, 180, 0, 25.741
99, 161, 417, 0, 25.749
99, 161, 625, 0, 25.756
99, 161, 822, 0, 25.763
99, 161, 954, 0, 25.772
99, 161, 1023, 0, 25.784
99, 161, 1023, 0, 25.791
99, 161, 1023, 0, 25.798
99, 161, 1023, 0, 25.804
99, 161, 1023, 0, 25.811
99, 161, 1023, 0, 25.818
99, 161, 1023, 0, 25.824
99, 161, 1023, 0, 25.831
99, 161, 1023, 0, 25.838
99, 161, 1023, 0, 25.845
99, 161, 1023, 0, 25.851
